vSweep,vd,vg,id,vth0_nom,u0_nom,rdsw_nom,nfactor_nom,vsat_nom,eta0_nom,delta_nom
1.00000000e-02,1.00000000e-02,1.48000000e+00,4.45148820e-05,1.23713270e+00,1.72561151e+00,1.01065591e+00,1.65438916e+00,2.91386428e+01,1.30254587e+00,5.03752699e+00
2.00000000e-02,2.00000000e-02,1.48000000e+00,8.85632008e-05,1.23713270e+00,1.72561151e+00,1.01065591e+00,1.65438916e+00,2.91386428e+01,1.30254587e+00,5.03752699e+00
3.00000000e-02,3.00000000e-02,1.48000000e+00,1.32143186e-04,1.23713270e+00,1.72561151e+00,1.01065591e+00,1.65438916e+00,2.91386428e+01,1.30254587e+00,5.03752699e+00
4.00000000e-02,4.00000000e-02,1.48000000e+00,1.75253052e-04,1.23713270e+00,1.72561151e+00,1.01065591e+00,1.65438916e+00,2.91386428e+01,1.30254587e+00,5.03752699e+00
5.00000000e-02,5.00000000e-02,1.48000000e+00,2.17890999e-04,1.23713270e+00,1.72561151e+00,1.01065591e+00,1.65438916e+00,2.91386428e+01,1.30254587e+00,5.03752699e+00
6.00000000e-02,6.00000000e-02,1.48000000e+00,2.60055212e-04,1.23713270e+00,1.72561151e+00,1.01065591e+00,1.65438916e+00,2.91386428e+01,1.30254587e+00,5.03752699e+00
7.00000000e-02,7.00000000e-02,1.48000000e+00,3.01743861e-04,1.23713270e+00,1.72561151e+00,1.01065591e+00,1.65438916e+00,2.91386428e+01,1.30254587e+00,5.03752699e+00
8.00000000e-02,8.00000000e-02,1.48000000e+00,3.42955101e-04,1.23713270e+00,1.72561151e+00,1.01065591e+00,1.65438916e+00,2.91386428e+01,1.30254587e+00,5.03752699e+00
9.00000000e-02,9.00000000e-02,1.48000000e+00,3.83687073e-04,1.23713270e+00,1.72561151e+00,1.01065591e+00,1.65438916e+00,2.91386428e+01,1.30254587e+00,5.03752699e+00
1.00000000e-01,1.00000000e-01,1.48000000e+00,4.23937904e-04,1.23713270e+00,1.72561151e+00,1.01065591e+00,1.65438916e+00,2.91386428e+01,1.30254587e+00,5.03752699e+00
1.10000000e-01,1.10000000e-01,1.48000000e+00,4.63705706e-04,1.23713270e+00,1.72561151e+00,1.01065591e+00,1.65438916e+00,2.91386428e+01,1.30254587e+00,5.03752699e+00
1.20000000e-01,1.20000000e-01,1.48000000e+00,5.02988578e-04,1.23713270e+00,1.72561151e+00,1.01065591e+00,1.65438916e+00,2.91386428e+01,1.30254587e+00,5.03752699e+00
1.30000000e-01,1.30000000e-01,1.48000000e+00,5.41784607e-04,1.23713270e+00,1.72561151e+00,1.01065591e+00,1.65438916e+00,2.91386428e+01,1.30254587e+00,5.03752699e+00
1.40000000e-01,1.40000000e-01,1.48000000e+00,5.80091870e-04,1.23713270e+00,1.72561151e+00,1.01065591e+00,1.65438916e+00,2.91386428e+01,1.30254587e+00,5.03752699e+00
1.50000000e-01,1.50000000e-01,1.48000000e+00,6.17908430e-04,1.23713270e+00,1.72561151e+00,1.01065591e+00,1.65438916e+00,2.91386428e+01,1.30254587e+00,5.03752699e+00
1.60000000e-01,1.60000000e-01,1.48000000e+00,6.55232344e-04,1.23713270e+00,1.72561151e+00,1.01065591e+00,1.65438916e+00,2.91386428e+01,1.30254587e+00,5.03752699e+00
1.70000000e-01,1.70000000e-01,1.48000000e+00,6.92061663e-04,1.23713270e+00,1.72561151e+00,1.01065591e+00,1.65438916e+00,2.91386428e+01,1.30254587e+00,5.03752699e+00
1.80000000e-01,1.80000000e-01,1.48000000e+00,7.28394430e-04,1.23713270e+00,1.72561151e+00,1.01065591e+00,1.65438916e+00,2.91386428e+01,1.30254587e+00,5.03752699e+00
1.90000000e-01,1.90000000e-01,1.48000000e+00,7.64228687e-04,1.23713270e+00,1.72561151e+00,1.01065591e+00,1.65438916e+00,2.91386428e+01,1.30254587e+00,5.03752699e+00
2.00000000e-01,2.00000000e-01,1.48000000e+00,7.99562480e-04,1.23713270e+00,1.72561151e+00,1.01065591e+00,1.65438916e+00,2.91386428e+01,1.30254587e+00,5.03752699e+00
2.10000000e-01,2.10000000e-01,1.48000000e+00,8.34393854e-04,1.23713270e+00,1.72561151e+00,1.01065591e+00,1.65438916e+00,2.91386428e+01,1.30254587e+00,5.03752699e+00
2.20000000e-01,2.20000000e-01,1.48000000e+00,8.68720865e-04,1.23713270e+00,1.72561151e+00,1.01065591e+00,1.65438916e+00,2.91386428e+01,1.30254587e+00,5.03752699e+00
2.30000000e-01,2.30000000e-01,1.48000000e+00,9.02541584e-04,1.23713270e+00,1.72561151e+00,1.01065591e+00,1.65438916e+00,2.91386428e+01,1.30254587e+00,5.03752699e+00
2.40000000e-01,2.40000000e-01,1.48000000e+00,9.35854098e-04,1.23713270e+00,1.72561151e+00,1.01065591e+00,1.65438916e+00,2.91386428e+01,1.30254587e+00,5.03752699e+00
2.50000000e-01,2.50000000e-01,1.48000000e+00,9.68656520e-04,1.23713270e+00,1.72561151e+00,1.01065591e+00,1.65438916e+00,2.91386428e+01,1.30254587e+00,5.03752699e+00
2.60000000e-01,2.60000000e-01,1.48000000e+00,1.00094699e-03,1.23713270e+00,1.72561151e+00,1.01065591e+00,1.65438916e+00,2.91386428e+01,1.30254587e+00,5.03752699e+00
2.70000000e-01,2.70000000e-01,1.48000000e+00,1.03272371e-03,1.23713270e+00,1.72561151e+00,1.01065591e+00,1.65438916e+00,2.91386428e+01,1.30254587e+00,5.03752699e+00
2.80000000e-01,2.80000000e-01,1.48000000e+00,1.06398489e-03,1.23713270e+00,1.72561151e+00,1.01065591e+00,1.65438916e+00,2.91386428e+01,1.30254587e+00,5.03752699e+00
2.90000000e-01,2.90000000e-01,1.48000000e+00,1.09472884e-03,1.23713270e+00,1.72561151e+00,1.01065591e+00,1.65438916e+00,2.91386428e+01,1.30254587e+00,5.03752699e+00
3.00000000e-01,3.00000000e-01,1.48000000e+00,1.12495392e-03,1.23713270e+00,1.72561151e+00,1.01065591e+00,1.65438916e+00,2.91386428e+01,1.30254587e+00,5.03752699e+00
3.10000000e-01,3.10000000e-01,1.48000000e+00,1.15465857e-03,1.23713270e+00,1.72561151e+00,1.01065591e+00,1.65438916e+00,2.91386428e+01,1.30254587e+00,5.03752699e+00
3.20000000e-01,3.20000000e-01,1.48000000e+00,1.18384135e-03,1.23713270e+00,1.72561151e+00,1.01065591e+00,1.65438916e+00,2.91386428e+01,1.30254587e+00,5.03752699e+00
3.30000000e-01,3.30000000e-01,1.48000000e+00,1.21250092e-03,1.23713270e+00,1.72561151e+00,1.01065591e+00,1.65438916e+00,2.91386428e+01,1.30254587e+00,5.03752699e+00
3.40000000e-01,3.40000000e-01,1.48000000e+00,1.24063605e-03,1.23713270e+00,1.72561151e+00,1.01065591e+00,1.65438916e+00,2.91386428e+01,1.30254587e+00,5.03752699e+00
3.50000000e-01,3.50000000e-01,1.48000000e+00,1.26824571e-03,1.23713270e+00,1.72561151e+00,1.01065591e+00,1.65438916e+00,2.91386428e+01,1.30254587e+00,5.03752699e+00
3.60000000e-01,3.60000000e-01,1.48000000e+00,1.29532898e-03,1.23713270e+00,1.72561151e+00,1.01065591e+00,1.65438916e+00,2.91386428e+01,1.30254587e+00,5.03752699e+00
3.70000000e-01,3.70000000e-01,1.48000000e+00,1.32188518e-03,1.23713270e+00,1.72561151e+00,1.01065591e+00,1.65438916e+00,2.91386428e+01,1.30254587e+00,5.03752699e+00
3.80000000e-01,3.80000000e-01,1.48000000e+00,1.34791383e-03,1.23713270e+00,1.72561151e+00,1.01065591e+00,1.65438916e+00,2.91386428e+01,1.30254587e+00,5.03752699e+00
3.90000000e-01,3.90000000e-01,1.48000000e+00,1.37341466e-03,1.23713270e+00,1.72561151e+00,1.01065591e+00,1.65438916e+00,2.91386428e+01,1.30254587e+00,5.03752699e+00
4.00000000e-01,4.00000000e-01,1.48000000e+00,1.39838771e-03,1.23713270e+00,1.72561151e+00,1.01065591e+00,1.65438916e+00,2.91386428e+01,1.30254587e+00,5.03752699e+00
4.10000000e-01,4.10000000e-01,1.48000000e+00,1.42283329e-03,1.23713270e+00,1.72561151e+00,1.01065591e+00,1.65438916e+00,2.91386428e+01,1.30254587e+00,5.03752699e+00
4.20000000e-01,4.20000000e-01,1.48000000e+00,1.44675202e-03,1.23713270e+00,1.72561151e+00,1.01065591e+00,1.65438916e+00,2.91386428e+01,1.30254587e+00,5.03752699e+00
4.30000000e-01,4.30000000e-01,1.48000000e+00,1.47014490e-03,1.23713270e+00,1.72561151e+00,1.01065591e+00,1.65438916e+00,2.91386428e+01,1.30254587e+00,5.03752699e+00
4.40000000e-01,4.40000000e-01,1.48000000e+00,1.49301328e-03,1.23713270e+00,1.72561151e+00,1.01065591e+00,1.65438916e+00,2.91386428e+01,1.30254587e+00,5.03752699e+00
4.50000000e-01,4.50000000e-01,1.48000000e+00,1.51535892e-03,1.23713270e+00,1.72561151e+00,1.01065591e+00,1.65438916e+00,2.91386428e+01,1.30254587e+00,5.03752699e+00
4.60000000e-01,4.60000000e-01,1.48000000e+00,1.53718402e-03,1.23713270e+00,1.72561151e+00,1.01065591e+00,1.65438916e+00,2.91386428e+01,1.30254587e+00,5.03752699e+00
4.70000000e-01,4.70000000e-01,1.48000000e+00,1.55849123e-03,1.23713270e+00,1.72561151e+00,1.01065591e+00,1.65438916e+00,2.91386428e+01,1.30254587e+00,5.03752699e+00
4.80000000e-01,4.80000000e-01,1.48000000e+00,1.57928370e-03,1.23713270e+00,1.72561151e+00,1.01065591e+00,1.65438916e+00,2.91386428e+01,1.30254587e+00,5.03752699e+00
4.90000000e-01,4.90000000e-01,1.48000000e+00,1.59956507e-03,1.23713270e+00,1.72561151e+00,1.01065591e+00,1.65438916e+00,2.91386428e+01,1.30254587e+00,5.03752699e+00
5.00000000e-01,5.00000000e-01,1.48000000e+00,1.61933951e-03,1.23713270e+00,1.72561151e+00,1.01065591e+00,1.65438916e+00,2.91386428e+01,1.30254587e+00,5.03752699e+00
5.10000000e-01,5.10000000e-01,1.48000000e+00,1.63861172e-03,1.23713270e+00,1.72561151e+00,1.01065591e+00,1.65438916e+00,2.91386428e+01,1.30254587e+00,5.03752699e+00
5.20000000e-01,5.20000000e-01,1.48000000e+00,1.65738697e-03,1.23713270e+00,1.72561151e+00,1.01065591e+00,1.65438916e+00,2.91386428e+01,1.30254587e+00,5.03752699e+00
5.30000000e-01,5.30000000e-01,1.48000000e+00,1.67567107e-03,1.23713270e+00,1.72561151e+00,1.01065591e+00,1.65438916e+00,2.91386428e+01,1.30254587e+00,5.03752699e+00
5.40000000e-01,5.40000000e-01,1.48000000e+00,1.69347039e-03,1.23713270e+00,1.72561151e+00,1.01065591e+00,1.65438916e+00,2.91386428e+01,1.30254587e+00,5.03752699e+00
5.50000000e-01,5.50000000e-01,1.48000000e+00,1.71079184e-03,1.23713270e+00,1.72561151e+00,1.01065591e+00,1.65438916e+00,2.91386428e+01,1.30254587e+00,5.03752699e+00
5.60000000e-01,5.60000000e-01,1.48000000e+00,1.72764290e-03,1.23713270e+00,1.72561151e+00,1.01065591e+00,1.65438916e+00,2.91386428e+01,1.30254587e+00,5.03752699e+00
5.70000000e-01,5.70000000e-01,1.48000000e+00,1.74403155e-03,1.23713270e+00,1.72561151e+00,1.01065591e+00,1.65438916e+00,2.91386428e+01,1.30254587e+00,5.03752699e+00
5.80000000e-01,5.80000000e-01,1.48000000e+00,1.75996628e-03,1.23713270e+00,1.72561151e+00,1.01065591e+00,1.65438916e+00,2.91386428e+01,1.30254587e+00,5.03752699e+00
5.90000000e-01,5.90000000e-01,1.48000000e+00,1.77545605e-03,1.23713270e+00,1.72561151e+00,1.01065591e+00,1.65438916e+00,2.91386428e+01,1.30254587e+00,5.03752699e+00
6.00000000e-01,6.00000000e-01,1.48000000e+00,1.79051027e-03,1.23713270e+00,1.72561151e+00,1.01065591e+00,1.65438916e+00,2.91386428e+01,1.30254587e+00,5.03752699e+00
6.10000000e-01,6.10000000e-01,1.48000000e+00,1.80513876e-03,1.23713270e+00,1.72561151e+00,1.01065591e+00,1.65438916e+00,2.91386428e+01,1.30254587e+00,5.03752699e+00
6.20000000e-01,6.20000000e-01,1.48000000e+00,1.81935167e-03,1.23713270e+00,1.72561151e+00,1.01065591e+00,1.65438916e+00,2.91386428e+01,1.30254587e+00,5.03752699e+00
6.30000000e-01,6.30000000e-01,1.48000000e+00,1.83315951e-03,1.23713270e+00,1.72561151e+00,1.01065591e+00,1.65438916e+00,2.91386428e+01,1.30254587e+00,5.03752699e+00
6.40000000e-01,6.40000000e-01,1.48000000e+00,1.84657303e-03,1.23713270e+00,1.72561151e+00,1.01065591e+00,1.65438916e+00,2.91386428e+01,1.30254587e+00,5.03752699e+00
6.50000000e-01,6.50000000e-01,1.48000000e+00,1.85960322e-03,1.23713270e+00,1.72561151e+00,1.01065591e+00,1.65438916e+00,2.91386428e+01,1.30254587e+00,5.03752699e+00
6.60000000e-01,6.60000000e-01,1.48000000e+00,1.87226122e-03,1.23713270e+00,1.72561151e+00,1.01065591e+00,1.65438916e+00,2.91386428e+01,1.30254587e+00,5.03752699e+00
6.70000000e-01,6.70000000e-01,1.48000000e+00,1.88455830e-03,1.23713270e+00,1.72561151e+00,1.01065591e+00,1.65438916e+00,2.91386428e+01,1.30254587e+00,5.03752699e+00
6.80000000e-01,6.80000000e-01,1.48000000e+00,1.89650583e-03,1.23713270e+00,1.72561151e+00,1.01065591e+00,1.65438916e+00,2.91386428e+01,1.30254587e+00,5.03752699e+00
6.90000000e-01,6.90000000e-01,1.48000000e+00,1.90811515e-03,1.23713270e+00,1.72561151e+00,1.01065591e+00,1.65438916e+00,2.91386428e+01,1.30254587e+00,5.03752699e+00
7.00000000e-01,7.00000000e-01,1.48000000e+00,1.91939763e-03,1.23713270e+00,1.72561151e+00,1.01065591e+00,1.65438916e+00,2.91386428e+01,1.30254587e+00,5.03752699e+00
7.10000000e-01,7.10000000e-01,1.48000000e+00,1.93036454e-03,1.23713270e+00,1.72561151e+00,1.01065591e+00,1.65438916e+00,2.91386428e+01,1.30254587e+00,5.03752699e+00
7.20000000e-01,7.20000000e-01,1.48000000e+00,1.94102706e-03,1.23713270e+00,1.72561151e+00,1.01065591e+00,1.65438916e+00,2.91386428e+01,1.30254587e+00,5.03752699e+00
7.30000000e-01,7.30000000e-01,1.48000000e+00,1.95139624e-03,1.23713270e+00,1.72561151e+00,1.01065591e+00,1.65438916e+00,2.91386428e+01,1.30254587e+00,5.03752699e+00
7.40000000e-01,7.40000000e-01,1.48000000e+00,1.96148294e-03,1.23713270e+00,1.72561151e+00,1.01065591e+00,1.65438916e+00,2.91386428e+01,1.30254587e+00,5.03752699e+00
7.50000000e-01,7.50000000e-01,1.48000000e+00,1.97129781e-03,1.23713270e+00,1.72561151e+00,1.01065591e+00,1.65438916e+00,2.91386428e+01,1.30254587e+00,5.03752699e+00
7.60000000e-01,7.60000000e-01,1.48000000e+00,1.98085130e-03,1.23713270e+00,1.72561151e+00,1.01065591e+00,1.65438916e+00,2.91386428e+01,1.30254587e+00,5.03752699e+00
7.70000000e-01,7.70000000e-01,1.48000000e+00,1.99015359e-03,1.23713270e+00,1.72561151e+00,1.01065591e+00,1.65438916e+00,2.91386428e+01,1.30254587e+00,5.03752699e+00
7.80000000e-01,7.80000000e-01,1.48000000e+00,1.99921459e-03,1.23713270e+00,1.72561151e+00,1.01065591e+00,1.65438916e+00,2.91386428e+01,1.30254587e+00,5.03752699e+00
7.90000000e-01,7.90000000e-01,1.48000000e+00,2.00804394e-03,1.23713270e+00,1.72561151e+00,1.01065591e+00,1.65438916e+00,2.91386428e+01,1.30254587e+00,5.03752699e+00
8.00000000e-01,8.00000000e-01,1.48000000e+00,2.01665097e-03,1.23713270e+00,1.72561151e+00,1.01065591e+00,1.65438916e+00,2.91386428e+01,1.30254587e+00,5.03752699e+00
8.10000000e-01,8.10000000e-01,1.48000000e+00,2.02504474e-03,1.23713270e+00,1.72561151e+00,1.01065591e+00,1.65438916e+00,2.91386428e+01,1.30254587e+00,5.03752699e+00
8.20000000e-01,8.20000000e-01,1.48000000e+00,2.03323395e-03,1.23713270e+00,1.72561151e+00,1.01065591e+00,1.65438916e+00,2.91386428e+01,1.30254587e+00,5.03752699e+00
8.30000000e-01,8.30000000e-01,1.48000000e+00,2.04122704e-03,1.23713270e+00,1.72561151e+00,1.01065591e+00,1.65438916e+00,2.91386428e+01,1.30254587e+00,5.03752699e+00
8.40000000e-01,8.40000000e-01,1.48000000e+00,2.04903212e-03,1.23713270e+00,1.72561151e+00,1.01065591e+00,1.65438916e+00,2.91386428e+01,1.30254587e+00,5.03752699e+00
8.50000000e-01,8.50000000e-01,1.48000000e+00,2.05665697e-03,1.23713270e+00,1.72561151e+00,1.01065591e+00,1.65438916e+00,2.91386428e+01,1.30254587e+00,5.03752699e+00
8.60000000e-01,8.60000000e-01,1.48000000e+00,2.06410909e-03,1.23713270e+00,1.72561151e+00,1.01065591e+00,1.65438916e+00,2.91386428e+01,1.30254587e+00,5.03752699e+00
8.70000000e-01,8.70000000e-01,1.48000000e+00,2.07139567e-03,1.23713270e+00,1.72561151e+00,1.01065591e+00,1.65438916e+00,2.91386428e+01,1.30254587e+00,5.03752699e+00
8.80000000e-01,8.80000000e-01,1.48000000e+00,2.07852360e-03,1.23713270e+00,1.72561151e+00,1.01065591e+00,1.65438916e+00,2.91386428e+01,1.30254587e+00,5.03752699e+00
8.90000000e-01,8.90000000e-01,1.48000000e+00,2.08549947e-03,1.23713270e+00,1.72561151e+00,1.01065591e+00,1.65438916e+00,2.91386428e+01,1.30254587e+00,5.03752699e+00
9.00000000e-01,9.00000000e-01,1.48000000e+00,2.09232960e-03,1.23713270e+00,1.72561151e+00,1.01065591e+00,1.65438916e+00,2.91386428e+01,1.30254587e+00,5.03752699e+00
9.10000000e-01,9.10000000e-01,1.48000000e+00,2.09902002e-03,1.23713270e+00,1.72561151e+00,1.01065591e+00,1.65438916e+00,2.91386428e+01,1.30254587e+00,5.03752699e+00
9.20000000e-01,9.20000000e-01,1.48000000e+00,2.10557652e-03,1.23713270e+00,1.72561151e+00,1.01065591e+00,1.65438916e+00,2.91386428e+01,1.30254587e+00,5.03752699e+00
9.30000000e-01,9.30000000e-01,1.48000000e+00,2.11200461e-03,1.23713270e+00,1.72561151e+00,1.01065591e+00,1.65438916e+00,2.91386428e+01,1.30254587e+00,5.03752699e+00
9.40000000e-01,9.40000000e-01,1.48000000e+00,2.11830954e-03,1.23713270e+00,1.72561151e+00,1.01065591e+00,1.65438916e+00,2.91386428e+01,1.30254587e+00,5.03752699e+00
9.50000000e-01,9.50000000e-01,1.48000000e+00,2.12449636e-03,1.23713270e+00,1.72561151e+00,1.01065591e+00,1.65438916e+00,2.91386428e+01,1.30254587e+00,5.03752699e+00
9.60000000e-01,9.60000000e-01,1.48000000e+00,2.13056986e-03,1.23713270e+00,1.72561151e+00,1.01065591e+00,1.65438916e+00,2.91386428e+01,1.30254587e+00,5.03752699e+00
9.70000000e-01,9.70000000e-01,1.48000000e+00,2.13653462e-03,1.23713270e+00,1.72561151e+00,1.01065591e+00,1.65438916e+00,2.91386428e+01,1.30254587e+00,5.03752699e+00
9.80000000e-01,9.80000000e-01,1.48000000e+00,2.14239500e-03,1.23713270e+00,1.72561151e+00,1.01065591e+00,1.65438916e+00,2.91386428e+01,1.30254587e+00,5.03752699e+00
9.90000000e-01,9.90000000e-01,1.48000000e+00,2.14815517e-03,1.23713270e+00,1.72561151e+00,1.01065591e+00,1.65438916e+00,2.91386428e+01,1.30254587e+00,5.03752699e+00
1.00000000e+00,1.00000000e+00,1.48000000e+00,2.15381910e-03,1.23713270e+00,1.72561151e+00,1.01065591e+00,1.65438916e+00,2.91386428e+01,1.30254587e+00,5.03752699e+00
1.01000000e+00,1.01000000e+00,1.48000000e+00,2.15939058e-03,1.23713270e+00,1.72561151e+00,1.01065591e+00,1.65438916e+00,2.91386428e+01,1.30254587e+00,5.03752699e+00
1.02000000e+00,1.02000000e+00,1.48000000e+00,2.16487322e-03,1.23713270e+00,1.72561151e+00,1.01065591e+00,1.65438916e+00,2.91386428e+01,1.30254587e+00,5.03752699e+00
1.03000000e+00,1.03000000e+00,1.48000000e+00,2.17027046e-03,1.23713270e+00,1.72561151e+00,1.01065591e+00,1.65438916e+00,2.91386428e+01,1.30254587e+00,5.03752699e+00
1.04000000e+00,1.04000000e+00,1.48000000e+00,2.17558560e-03,1.23713270e+00,1.72561151e+00,1.01065591e+00,1.65438916e+00,2.91386428e+01,1.30254587e+00,5.03752699e+00
1.05000000e+00,1.05000000e+00,1.48000000e+00,2.18082176e-03,1.23713270e+00,1.72561151e+00,1.01065591e+00,1.65438916e+00,2.91386428e+01,1.30254587e+00,5.03752699e+00
1.06000000e+00,1.06000000e+00,1.48000000e+00,2.18598194e-03,1.23713270e+00,1.72561151e+00,1.01065591e+00,1.65438916e+00,2.91386428e+01,1.30254587e+00,5.03752699e+00
1.07000000e+00,1.07000000e+00,1.48000000e+00,2.19106899e-03,1.23713270e+00,1.72561151e+00,1.01065591e+00,1.65438916e+00,2.91386428e+01,1.30254587e+00,5.03752699e+00
1.08000000e+00,1.08000000e+00,1.48000000e+00,2.19608563e-03,1.23713270e+00,1.72561151e+00,1.01065591e+00,1.65438916e+00,2.91386428e+01,1.30254587e+00,5.03752699e+00
1.09000000e+00,1.09000000e+00,1.48000000e+00,2.20103446e-03,1.23713270e+00,1.72561151e+00,1.01065591e+00,1.65438916e+00,2.91386428e+01,1.30254587e+00,5.03752699e+00
1.10000000e+00,1.10000000e+00,1.48000000e+00,2.20591795e-03,1.23713270e+00,1.72561151e+00,1.01065591e+00,1.65438916e+00,2.91386428e+01,1.30254587e+00,5.03752699e+00
1.11000000e+00,1.11000000e+00,1.48000000e+00,2.21073848e-03,1.23713270e+00,1.72561151e+00,1.01065591e+00,1.65438916e+00,2.91386428e+01,1.30254587e+00,5.03752699e+00
1.12000000e+00,1.12000000e+00,1.48000000e+00,2.21549831e-03,1.23713270e+00,1.72561151e+00,1.01065591e+00,1.65438916e+00,2.91386428e+01,1.30254587e+00,5.03752699e+00
1.13000000e+00,1.13000000e+00,1.48000000e+00,2.22019959e-03,1.23713270e+00,1.72561151e+00,1.01065591e+00,1.65438916e+00,2.91386428e+01,1.30254587e+00,5.03752699e+00
1.14000000e+00,1.14000000e+00,1.48000000e+00,2.22484439e-03,1.23713270e+00,1.72561151e+00,1.01065591e+00,1.65438916e+00,2.91386428e+01,1.30254587e+00,5.03752699e+00
1.15000000e+00,1.15000000e+00,1.48000000e+00,2.22943469e-03,1.23713270e+00,1.72561151e+00,1.01065591e+00,1.65438916e+00,2.91386428e+01,1.30254587e+00,5.03752699e+00
1.16000000e+00,1.16000000e+00,1.48000000e+00,2.23397237e-03,1.23713270e+00,1.72561151e+00,1.01065591e+00,1.65438916e+00,2.91386428e+01,1.30254587e+00,5.03752699e+00
1.17000000e+00,1.17000000e+00,1.48000000e+00,2.23845924e-03,1.23713270e+00,1.72561151e+00,1.01065591e+00,1.65438916e+00,2.91386428e+01,1.30254587e+00,5.03752699e+00
1.18000000e+00,1.18000000e+00,1.48000000e+00,2.24289701e-03,1.23713270e+00,1.72561151e+00,1.01065591e+00,1.65438916e+00,2.91386428e+01,1.30254587e+00,5.03752699e+00
1.19000000e+00,1.19000000e+00,1.48000000e+00,2.24728734e-03,1.23713270e+00,1.72561151e+00,1.01065591e+00,1.65438916e+00,2.91386428e+01,1.30254587e+00,5.03752699e+00
1.20000000e+00,1.20000000e+00,1.48000000e+00,2.25163182e-03,1.23713270e+00,1.72561151e+00,1.01065591e+00,1.65438916e+00,2.91386428e+01,1.30254587e+00,5.03752699e+00
1.21000000e+00,1.21000000e+00,1.48000000e+00,2.25593195e-03,1.23713270e+00,1.72561151e+00,1.01065591e+00,1.65438916e+00,2.91386428e+01,1.30254587e+00,5.03752699e+00
1.22000000e+00,1.22000000e+00,1.48000000e+00,2.26018919e-03,1.23713270e+00,1.72561151e+00,1.01065591e+00,1.65438916e+00,2.91386428e+01,1.30254587e+00,5.03752699e+00
1.23000000e+00,1.23000000e+00,1.48000000e+00,2.26440492e-03,1.23713270e+00,1.72561151e+00,1.01065591e+00,1.65438916e+00,2.91386428e+01,1.30254587e+00,5.03752699e+00
1.24000000e+00,1.24000000e+00,1.48000000e+00,2.26858047e-03,1.23713270e+00,1.72561151e+00,1.01065591e+00,1.65438916e+00,2.91386428e+01,1.30254587e+00,5.03752699e+00
1.25000000e+00,1.25000000e+00,1.48000000e+00,2.27271712e-03,1.23713270e+00,1.72561151e+00,1.01065591e+00,1.65438916e+00,2.91386428e+01,1.30254587e+00,5.03752699e+00
1.26000000e+00,1.26000000e+00,1.48000000e+00,2.27681610e-03,1.23713270e+00,1.72561151e+00,1.01065591e+00,1.65438916e+00,2.91386428e+01,1.30254587e+00,5.03752699e+00
1.27000000e+00,1.27000000e+00,1.48000000e+00,2.28087857e-03,1.23713270e+00,1.72561151e+00,1.01065591e+00,1.65438916e+00,2.91386428e+01,1.30254587e+00,5.03752699e+00
1.28000000e+00,1.28000000e+00,1.48000000e+00,2.28490567e-03,1.23713270e+00,1.72561151e+00,1.01065591e+00,1.65438916e+00,2.91386428e+01,1.30254587e+00,5.03752699e+00
1.29000000e+00,1.29000000e+00,1.48000000e+00,2.28889848e-03,1.23713270e+00,1.72561151e+00,1.01065591e+00,1.65438916e+00,2.91386428e+01,1.30254587e+00,5.03752699e+00
1.30000000e+00,1.30000000e+00,1.48000000e+00,2.29285803e-03,1.23713270e+00,1.72561151e+00,1.01065591e+00,1.65438916e+00,2.91386428e+01,1.30254587e+00,5.03752699e+00
1.31000000e+00,1.31000000e+00,1.48000000e+00,2.29678532e-03,1.23713270e+00,1.72561151e+00,1.01065591e+00,1.65438916e+00,2.91386428e+01,1.30254587e+00,5.03752699e+00
1.32000000e+00,1.32000000e+00,1.48000000e+00,2.30068131e-03,1.23713270e+00,1.72561151e+00,1.01065591e+00,1.65438916e+00,2.91386428e+01,1.30254587e+00,5.03752699e+00
1.33000000e+00,1.33000000e+00,1.48000000e+00,2.30454693e-03,1.23713270e+00,1.72561151e+00,1.01065591e+00,1.65438916e+00,2.91386428e+01,1.30254587e+00,5.03752699e+00
1.34000000e+00,1.34000000e+00,1.48000000e+00,2.30838305e-03,1.23713270e+00,1.72561151e+00,1.01065591e+00,1.65438916e+00,2.91386428e+01,1.30254587e+00,5.03752699e+00
1.35000000e+00,1.35000000e+00,1.48000000e+00,2.31219054e-03,1.23713270e+00,1.72561151e+00,1.01065591e+00,1.65438916e+00,2.91386428e+01,1.30254587e+00,5.03752699e+00
1.36000000e+00,1.36000000e+00,1.48000000e+00,2.31597020e-03,1.23713270e+00,1.72561151e+00,1.01065591e+00,1.65438916e+00,2.91386428e+01,1.30254587e+00,5.03752699e+00
1.37000000e+00,1.37000000e+00,1.48000000e+00,2.31972284e-03,1.23713270e+00,1.72561151e+00,1.01065591e+00,1.65438916e+00,2.91386428e+01,1.30254587e+00,5.03752699e+00
1.38000000e+00,1.38000000e+00,1.48000000e+00,2.32344920e-03,1.23713270e+00,1.72561151e+00,1.01065591e+00,1.65438916e+00,2.91386428e+01,1.30254587e+00,5.03752699e+00
1.39000000e+00,1.39000000e+00,1.48000000e+00,2.32715002e-03,1.23713270e+00,1.72561151e+00,1.01065591e+00,1.65438916e+00,2.91386428e+01,1.30254587e+00,5.03752699e+00
1.40000000e+00,1.40000000e+00,1.48000000e+00,2.33082602e-03,1.23713270e+00,1.72561151e+00,1.01065591e+00,1.65438916e+00,2.91386428e+01,1.30254587e+00,5.03752699e+00
1.41000000e+00,1.41000000e+00,1.48000000e+00,2.33447785e-03,1.23713270e+00,1.72561151e+00,1.01065591e+00,1.65438916e+00,2.91386428e+01,1.30254587e+00,5.03752699e+00
1.42000000e+00,1.42000000e+00,1.48000000e+00,2.33810619e-03,1.23713270e+00,1.72561151e+00,1.01065591e+00,1.65438916e+00,2.91386428e+01,1.30254587e+00,5.03752699e+00
1.43000000e+00,1.43000000e+00,1.48000000e+00,2.34171165e-03,1.23713270e+00,1.72561151e+00,1.01065591e+00,1.65438916e+00,2.91386428e+01,1.30254587e+00,5.03752699e+00
1.44000000e+00,1.44000000e+00,1.48000000e+00,2.34529486e-03,1.23713270e+00,1.72561151e+00,1.01065591e+00,1.65438916e+00,2.91386428e+01,1.30254587e+00,5.03752699e+00
1.45000000e+00,1.45000000e+00,1.48000000e+00,2.34885639e-03,1.23713270e+00,1.72561151e+00,1.01065591e+00,1.65438916e+00,2.91386428e+01,1.30254587e+00,5.03752699e+00
1.46000000e+00,1.46000000e+00,1.48000000e+00,2.35239682e-03,1.23713270e+00,1.72561151e+00,1.01065591e+00,1.65438916e+00,2.91386428e+01,1.30254587e+00,5.03752699e+00
1.47000000e+00,1.47000000e+00,1.48000000e+00,2.35591668e-03,1.23713270e+00,1.72561151e+00,1.01065591e+00,1.65438916e+00,2.91386428e+01,1.30254587e+00,5.03752699e+00
1.48000000e+00,1.48000000e+00,1.48000000e+00,2.35941652e-03,1.23713270e+00,1.72561151e+00,1.01065591e+00,1.65438916e+00,2.91386428e+01,1.30254587e+00,5.03752699e+00
1.49000000e+00,1.49000000e+00,1.48000000e+00,2.36289684e-03,1.23713270e+00,1.72561151e+00,1.01065591e+00,1.65438916e+00,2.91386428e+01,1.30254587e+00,5.03752699e+00
1.50000000e+00,1.50000000e+00,1.48000000e+00,2.36635813e-03,1.23713270e+00,1.72561151e+00,1.01065591e+00,1.65438916e+00,2.91386428e+01,1.30254587e+00,5.03752699e+00
1.51000000e+00,1.51000000e+00,1.48000000e+00,2.36980088e-03,1.23713270e+00,1.72561151e+00,1.01065591e+00,1.65438916e+00,2.91386428e+01,1.30254587e+00,5.03752699e+00
1.52000000e+00,1.52000000e+00,1.48000000e+00,2.37322553e-03,1.23713270e+00,1.72561151e+00,1.01065591e+00,1.65438916e+00,2.91386428e+01,1.30254587e+00,5.03752699e+00
1.53000000e+00,1.53000000e+00,1.48000000e+00,2.37663254e-03,1.23713270e+00,1.72561151e+00,1.01065591e+00,1.65438916e+00,2.91386428e+01,1.30254587e+00,5.03752699e+00
1.54000000e+00,1.54000000e+00,1.48000000e+00,2.38002234e-03,1.23713270e+00,1.72561151e+00,1.01065591e+00,1.65438916e+00,2.91386428e+01,1.30254587e+00,5.03752699e+00
1.55000000e+00,1.55000000e+00,1.48000000e+00,2.38339534e-03,1.23713270e+00,1.72561151e+00,1.01065591e+00,1.65438916e+00,2.91386428e+01,1.30254587e+00,5.03752699e+00
1.56000000e+00,1.56000000e+00,1.48000000e+00,2.38675195e-03,1.23713270e+00,1.72561151e+00,1.01065591e+00,1.65438916e+00,2.91386428e+01,1.30254587e+00,5.03752699e+00
1.57000000e+00,1.57000000e+00,1.48000000e+00,2.39009256e-03,1.23713270e+00,1.72561151e+00,1.01065591e+00,1.65438916e+00,2.91386428e+01,1.30254587e+00,5.03752699e+00
1.58000000e+00,1.58000000e+00,1.48000000e+00,2.39341755e-03,1.23713270e+00,1.72561151e+00,1.01065591e+00,1.65438916e+00,2.91386428e+01,1.30254587e+00,5.03752699e+00
1.59000000e+00,1.59000000e+00,1.48000000e+00,2.39672728e-03,1.23713270e+00,1.72561151e+00,1.01065591e+00,1.65438916e+00,2.91386428e+01,1.30254587e+00,5.03752699e+00
1.60000000e+00,1.60000000e+00,1.48000000e+00,2.40002211e-03,1.23713270e+00,1.72561151e+00,1.01065591e+00,1.65438916e+00,2.91386428e+01,1.30254587e+00,5.03752699e+00
1.61000000e+00,1.61000000e+00,1.48000000e+00,2.40330239e-03,1.23713270e+00,1.72561151e+00,1.01065591e+00,1.65438916e+00,2.91386428e+01,1.30254587e+00,5.03752699e+00
1.62000000e+00,1.62000000e+00,1.48000000e+00,2.40656844e-03,1.23713270e+00,1.72561151e+00,1.01065591e+00,1.65438916e+00,2.91386428e+01,1.30254587e+00,5.03752699e+00
1.63000000e+00,1.63000000e+00,1.48000000e+00,2.40982058e-03,1.23713270e+00,1.72561151e+00,1.01065591e+00,1.65438916e+00,2.91386428e+01,1.30254587e+00,5.03752699e+00
1.64000000e+00,1.64000000e+00,1.48000000e+00,2.41305914e-03,1.23713270e+00,1.72561151e+00,1.01065591e+00,1.65438916e+00,2.91386428e+01,1.30254587e+00,5.03752699e+00
1.65000000e+00,1.65000000e+00,1.48000000e+00,2.41628442e-03,1.23713270e+00,1.72561151e+00,1.01065591e+00,1.65438916e+00,2.91386428e+01,1.30254587e+00,5.03752699e+00
1.66000000e+00,1.66000000e+00,1.48000000e+00,2.41949671e-03,1.23713270e+00,1.72561151e+00,1.01065591e+00,1.65438916e+00,2.91386428e+01,1.30254587e+00,5.03752699e+00
1.67000000e+00,1.67000000e+00,1.48000000e+00,2.42269630e-03,1.23713270e+00,1.72561151e+00,1.01065591e+00,1.65438916e+00,2.91386428e+01,1.30254587e+00,5.03752699e+00
1.68000000e+00,1.68000000e+00,1.48000000e+00,2.42588346e-03,1.23713270e+00,1.72561151e+00,1.01065591e+00,1.65438916e+00,2.91386428e+01,1.30254587e+00,5.03752699e+00
1.69000000e+00,1.69000000e+00,1.48000000e+00,2.42905848e-03,1.23713270e+00,1.72561151e+00,1.01065591e+00,1.65438916e+00,2.91386428e+01,1.30254587e+00,5.03752699e+00
1.70000000e+00,1.70000000e+00,1.48000000e+00,2.43222159e-03,1.23713270e+00,1.72561151e+00,1.01065591e+00,1.65438916e+00,2.91386428e+01,1.30254587e+00,5.03752699e+00
1.71000000e+00,1.71000000e+00,1.48000000e+00,2.43537308e-03,1.23713270e+00,1.72561151e+00,1.01065591e+00,1.65438916e+00,2.91386428e+01,1.30254587e+00,5.03752699e+00
1.72000000e+00,1.72000000e+00,1.48000000e+00,2.43851317e-03,1.23713270e+00,1.72561151e+00,1.01065591e+00,1.65438916e+00,2.91386428e+01,1.30254587e+00,5.03752699e+00
1.73000000e+00,1.73000000e+00,1.48000000e+00,2.44164211e-03,1.23713270e+00,1.72561151e+00,1.01065591e+00,1.65438916e+00,2.91386428e+01,1.30254587e+00,5.03752699e+00
1.74000000e+00,1.74000000e+00,1.48000000e+00,2.44476014e-03,1.23713270e+00,1.72561151e+00,1.01065591e+00,1.65438916e+00,2.91386428e+01,1.30254587e+00,5.03752699e+00
1.75000000e+00,1.75000000e+00,1.48000000e+00,2.44786748e-03,1.23713270e+00,1.72561151e+00,1.01065591e+00,1.65438916e+00,2.91386428e+01,1.30254587e+00,5.03752699e+00
1.76000000e+00,1.76000000e+00,1.48000000e+00,2.45096436e-03,1.23713270e+00,1.72561151e+00,1.01065591e+00,1.65438916e+00,2.91386428e+01,1.30254587e+00,5.03752699e+00
1.77000000e+00,1.77000000e+00,1.48000000e+00,2.45405099e-03,1.23713270e+00,1.72561151e+00,1.01065591e+00,1.65438916e+00,2.91386428e+01,1.30254587e+00,5.03752699e+00
1.78000000e+00,1.78000000e+00,1.48000000e+00,2.45712758e-03,1.23713270e+00,1.72561151e+00,1.01065591e+00,1.65438916e+00,2.91386428e+01,1.30254587e+00,5.03752699e+00
1.79000000e+00,1.79000000e+00,1.48000000e+00,2.46019433e-03,1.23713270e+00,1.72561151e+00,1.01065591e+00,1.65438916e+00,2.91386428e+01,1.30254587e+00,5.03752699e+00
1.80000000e+00,1.80000000e+00,1.48000000e+00,2.46325145e-03,1.23713270e+00,1.72561151e+00,1.01065591e+00,1.65438916e+00,2.91386428e+01,1.30254587e+00,5.03752699e+00
1.81000000e+00,1.81000000e+00,1.48000000e+00,2.46629912e-03,1.23713270e+00,1.72561151e+00,1.01065591e+00,1.65438916e+00,2.91386428e+01,1.30254587e+00,5.03752699e+00
1.82000000e+00,1.82000000e+00,1.48000000e+00,2.46933755e-03,1.23713270e+00,1.72561151e+00,1.01065591e+00,1.65438916e+00,2.91386428e+01,1.30254587e+00,5.03752699e+00
1.83000000e+00,1.83000000e+00,1.48000000e+00,2.47236691e-03,1.23713270e+00,1.72561151e+00,1.01065591e+00,1.65438916e+00,2.91386428e+01,1.30254587e+00,5.03752699e+00
1.84000000e+00,1.84000000e+00,1.48000000e+00,2.47538738e-03,1.23713270e+00,1.72561151e+00,1.01065591e+00,1.65438916e+00,2.91386428e+01,1.30254587e+00,5.03752699e+00
1.85000000e+00,1.85000000e+00,1.48000000e+00,2.47839915e-03,1.23713270e+00,1.72561151e+00,1.01065591e+00,1.65438916e+00,2.91386428e+01,1.30254587e+00,5.03752699e+00
