vSweep,vd,vg,id,vth0_nom,u0_nom,rdsw_nom,nfactor_nom,vsat_nom,eta0_nom,delta_nom
1.00000000e-02,1.00000000e-02,1.48000000e+00,4.15924133e-05,1.18913313e+00,1.60830370e+00,9.93648335e-01,1.71810300e+00,3.14768575e+01,1.39131357e+00,5.78335890e+00
2.00000000e-02,2.00000000e-02,1.48000000e+00,8.27442850e-05,1.18913313e+00,1.60830370e+00,9.93648335e-01,1.71810300e+00,3.14768575e+01,1.39131357e+00,5.78335890e+00
3.00000000e-02,3.00000000e-02,1.48000000e+00,1.23454118e-04,1.18913313e+00,1.60830370e+00,9.93648335e-01,1.71810300e+00,3.14768575e+01,1.39131357e+00,5.78335890e+00
4.00000000e-02,4.00000000e-02,1.48000000e+00,1.63720410e-04,1.18913313e+00,1.60830370e+00,9.93648335e-01,1.71810300e+00,3.14768575e+01,1.39131357e+00,5.78335890e+00
5.00000000e-02,5.00000000e-02,1.48000000e+00,2.03541656e-04,1.18913313e+00,1.60830370e+00,9.93648335e-01,1.71810300e+00,3.14768575e+01,1.39131357e+00,5.78335890e+00
6.00000000e-02,6.00000000e-02,1.48000000e+00,2.42916346e-04,1.18913313e+00,1.60830370e+00,9.93648335e-01,1.71810300e+00,3.14768575e+01,1.39131357e+00,5.78335890e+00
7.00000000e-02,7.00000000e-02,1.48000000e+00,2.81842966e-04,1.18913313e+00,1.60830370e+00,9.93648335e-01,1.71810300e+00,3.14768575e+01,1.39131357e+00,5.78335890e+00
8.00000000e-02,8.00000000e-02,1.48000000e+00,3.20320002e-04,1.18913313e+00,1.60830370e+00,9.93648335e-01,1.71810300e+00,3.14768575e+01,1.39131357e+00,5.78335890e+00
9.00000000e-02,9.00000000e-02,1.48000000e+00,3.58345938e-04,1.18913313e+00,1.60830370e+00,9.93648335e-01,1.71810300e+00,3.14768575e+01,1.39131357e+00,5.78335890e+00
1.00000000e-01,1.00000000e-01,1.48000000e+00,3.95919255e-04,1.18913313e+00,1.60830370e+00,9.93648335e-01,1.71810300e+00,3.14768575e+01,1.39131357e+00,5.78335890e+00
1.10000000e-01,1.10000000e-01,1.48000000e+00,4.33038439e-04,1.18913313e+00,1.60830370e+00,9.93648335e-01,1.71810300e+00,3.14768575e+01,1.39131357e+00,5.78335890e+00
1.20000000e-01,1.20000000e-01,1.48000000e+00,4.69701975e-04,1.18913313e+00,1.60830370e+00,9.93648335e-01,1.71810300e+00,3.14768575e+01,1.39131357e+00,5.78335890e+00
1.30000000e-01,1.30000000e-01,1.48000000e+00,5.05908351e-04,1.18913313e+00,1.60830370e+00,9.93648335e-01,1.71810300e+00,3.14768575e+01,1.39131357e+00,5.78335890e+00
1.40000000e-01,1.40000000e-01,1.48000000e+00,5.41656062e-04,1.18913313e+00,1.60830370e+00,9.93648335e-01,1.71810300e+00,3.14768575e+01,1.39131357e+00,5.78335890e+00
1.50000000e-01,1.50000000e-01,1.48000000e+00,5.76943609e-04,1.18913313e+00,1.60830370e+00,9.93648335e-01,1.71810300e+00,3.14768575e+01,1.39131357e+00,5.78335890e+00
1.60000000e-01,1.60000000e-01,1.48000000e+00,6.11769501e-04,1.18913313e+00,1.60830370e+00,9.93648335e-01,1.71810300e+00,3.14768575e+01,1.39131357e+00,5.78335890e+00
1.70000000e-01,1.70000000e-01,1.48000000e+00,6.46132262e-04,1.18913313e+00,1.60830370e+00,9.93648335e-01,1.71810300e+00,3.14768575e+01,1.39131357e+00,5.78335890e+00
1.80000000e-01,1.80000000e-01,1.48000000e+00,6.80030426e-04,1.18913313e+00,1.60830370e+00,9.93648335e-01,1.71810300e+00,3.14768575e+01,1.39131357e+00,5.78335890e+00
1.90000000e-01,1.90000000e-01,1.48000000e+00,7.13462546e-04,1.18913313e+00,1.60830370e+00,9.93648335e-01,1.71810300e+00,3.14768575e+01,1.39131357e+00,5.78335890e+00
2.00000000e-01,2.00000000e-01,1.48000000e+00,7.46427196e-04,1.18913313e+00,1.60830370e+00,9.93648335e-01,1.71810300e+00,3.14768575e+01,1.39131357e+00,5.78335890e+00
2.10000000e-01,2.10000000e-01,1.48000000e+00,7.78922973e-04,1.18913313e+00,1.60830370e+00,9.93648335e-01,1.71810300e+00,3.14768575e+01,1.39131357e+00,5.78335890e+00
2.20000000e-01,2.20000000e-01,1.48000000e+00,8.10948504e-04,1.18913313e+00,1.60830370e+00,9.93648335e-01,1.71810300e+00,3.14768575e+01,1.39131357e+00,5.78335890e+00
2.30000000e-01,2.30000000e-01,1.48000000e+00,8.42502448e-04,1.18913313e+00,1.60830370e+00,9.93648335e-01,1.71810300e+00,3.14768575e+01,1.39131357e+00,5.78335890e+00
2.40000000e-01,2.40000000e-01,1.48000000e+00,8.73583502e-04,1.18913313e+00,1.60830370e+00,9.93648335e-01,1.71810300e+00,3.14768575e+01,1.39131357e+00,5.78335890e+00
2.50000000e-01,2.50000000e-01,1.48000000e+00,9.04190410e-04,1.18913313e+00,1.60830370e+00,9.93648335e-01,1.71810300e+00,3.14768575e+01,1.39131357e+00,5.78335890e+00
2.60000000e-01,2.60000000e-01,1.48000000e+00,9.34321961e-04,1.18913313e+00,1.60830370e+00,9.93648335e-01,1.71810300e+00,3.14768575e+01,1.39131357e+00,5.78335890e+00
2.70000000e-01,2.70000000e-01,1.48000000e+00,9.63977007e-04,1.18913313e+00,1.60830370e+00,9.93648335e-01,1.71810300e+00,3.14768575e+01,1.39131357e+00,5.78335890e+00
2.80000000e-01,2.80000000e-01,1.48000000e+00,9.93154462e-04,1.18913313e+00,1.60830370e+00,9.93648335e-01,1.71810300e+00,3.14768575e+01,1.39131357e+00,5.78335890e+00
2.90000000e-01,2.90000000e-01,1.48000000e+00,1.02185331e-03,1.18913313e+00,1.60830370e+00,9.93648335e-01,1.71810300e+00,3.14768575e+01,1.39131357e+00,5.78335890e+00
3.00000000e-01,3.00000000e-01,1.48000000e+00,1.05007263e-03,1.18913313e+00,1.60830370e+00,9.93648335e-01,1.71810300e+00,3.14768575e+01,1.39131357e+00,5.78335890e+00
3.10000000e-01,3.10000000e-01,1.48000000e+00,1.07781157e-03,1.18913313e+00,1.60830370e+00,9.93648335e-01,1.71810300e+00,3.14768575e+01,1.39131357e+00,5.78335890e+00
3.20000000e-01,3.20000000e-01,1.48000000e+00,1.10506941e-03,1.18913313e+00,1.60830370e+00,9.93648335e-01,1.71810300e+00,3.14768575e+01,1.39131357e+00,5.78335890e+00
3.30000000e-01,3.30000000e-01,1.48000000e+00,1.13184552e-03,1.18913313e+00,1.60830370e+00,9.93648335e-01,1.71810300e+00,3.14768575e+01,1.39131357e+00,5.78335890e+00
3.40000000e-01,3.40000000e-01,1.48000000e+00,1.15813941e-03,1.18913313e+00,1.60830370e+00,9.93648335e-01,1.71810300e+00,3.14768575e+01,1.39131357e+00,5.78335890e+00
3.50000000e-01,3.50000000e-01,1.48000000e+00,1.18395073e-03,1.18913313e+00,1.60830370e+00,9.93648335e-01,1.71810300e+00,3.14768575e+01,1.39131357e+00,5.78335890e+00
3.60000000e-01,3.60000000e-01,1.48000000e+00,1.20927928e-03,1.18913313e+00,1.60830370e+00,9.93648335e-01,1.71810300e+00,3.14768575e+01,1.39131357e+00,5.78335890e+00
3.70000000e-01,3.70000000e-01,1.48000000e+00,1.23412502e-03,1.18913313e+00,1.60830370e+00,9.93648335e-01,1.71810300e+00,3.14768575e+01,1.39131357e+00,5.78335890e+00
3.80000000e-01,3.80000000e-01,1.48000000e+00,1.25848812e-03,1.18913313e+00,1.60830370e+00,9.93648335e-01,1.71810300e+00,3.14768575e+01,1.39131357e+00,5.78335890e+00
3.90000000e-01,3.90000000e-01,1.48000000e+00,1.28236892e-03,1.18913313e+00,1.60830370e+00,9.93648335e-01,1.71810300e+00,3.14768575e+01,1.39131357e+00,5.78335890e+00
4.00000000e-01,4.00000000e-01,1.48000000e+00,1.30576801e-03,1.18913313e+00,1.60830370e+00,9.93648335e-01,1.71810300e+00,3.14768575e+01,1.39131357e+00,5.78335890e+00
4.10000000e-01,4.10000000e-01,1.48000000e+00,1.32868619e-03,1.18913313e+00,1.60830370e+00,9.93648335e-01,1.71810300e+00,3.14768575e+01,1.39131357e+00,5.78335890e+00
4.20000000e-01,4.20000000e-01,1.48000000e+00,1.35112453e-03,1.18913313e+00,1.60830370e+00,9.93648335e-01,1.71810300e+00,3.14768575e+01,1.39131357e+00,5.78335890e+00
4.30000000e-01,4.30000000e-01,1.48000000e+00,1.37308436e-03,1.18913313e+00,1.60830370e+00,9.93648335e-01,1.71810300e+00,3.14768575e+01,1.39131357e+00,5.78335890e+00
4.40000000e-01,4.40000000e-01,1.48000000e+00,1.39456731e-03,1.18913313e+00,1.60830370e+00,9.93648335e-01,1.71810300e+00,3.14768575e+01,1.39131357e+00,5.78335890e+00
4.50000000e-01,4.50000000e-01,1.48000000e+00,1.41557531e-03,1.18913313e+00,1.60830370e+00,9.93648335e-01,1.71810300e+00,3.14768575e+01,1.39131357e+00,5.78335890e+00
4.60000000e-01,4.60000000e-01,1.48000000e+00,1.43611061e-03,1.18913313e+00,1.60830370e+00,9.93648335e-01,1.71810300e+00,3.14768575e+01,1.39131357e+00,5.78335890e+00
4.70000000e-01,4.70000000e-01,1.48000000e+00,1.45617581e-03,1.18913313e+00,1.60830370e+00,9.93648335e-01,1.71810300e+00,3.14768575e+01,1.39131357e+00,5.78335890e+00
4.80000000e-01,4.80000000e-01,1.48000000e+00,1.47577387e-03,1.18913313e+00,1.60830370e+00,9.93648335e-01,1.71810300e+00,3.14768575e+01,1.39131357e+00,5.78335890e+00
4.90000000e-01,4.90000000e-01,1.48000000e+00,1.49490811e-03,1.18913313e+00,1.60830370e+00,9.93648335e-01,1.71810300e+00,3.14768575e+01,1.39131357e+00,5.78335890e+00
5.00000000e-01,5.00000000e-01,1.48000000e+00,1.51358224e-03,1.18913313e+00,1.60830370e+00,9.93648335e-01,1.71810300e+00,3.14768575e+01,1.39131357e+00,5.78335890e+00
5.10000000e-01,5.10000000e-01,1.48000000e+00,1.53180035e-03,1.18913313e+00,1.60830370e+00,9.93648335e-01,1.71810300e+00,3.14768575e+01,1.39131357e+00,5.78335890e+00
5.20000000e-01,5.20000000e-01,1.48000000e+00,1.54956694e-03,1.18913313e+00,1.60830370e+00,9.93648335e-01,1.71810300e+00,3.14768575e+01,1.39131357e+00,5.78335890e+00
5.30000000e-01,5.30000000e-01,1.48000000e+00,1.56688692e-03,1.18913313e+00,1.60830370e+00,9.93648335e-01,1.71810300e+00,3.14768575e+01,1.39131357e+00,5.78335890e+00
5.40000000e-01,5.40000000e-01,1.48000000e+00,1.58376559e-03,1.18913313e+00,1.60830370e+00,9.93648335e-01,1.71810300e+00,3.14768575e+01,1.39131357e+00,5.78335890e+00
5.50000000e-01,5.50000000e-01,1.48000000e+00,1.60020867e-03,1.18913313e+00,1.60830370e+00,9.93648335e-01,1.71810300e+00,3.14768575e+01,1.39131357e+00,5.78335890e+00
5.60000000e-01,5.60000000e-01,1.48000000e+00,1.61622227e-03,1.18913313e+00,1.60830370e+00,9.93648335e-01,1.71810300e+00,3.14768575e+01,1.39131357e+00,5.78335890e+00
5.70000000e-01,5.70000000e-01,1.48000000e+00,1.63181289e-03,1.18913313e+00,1.60830370e+00,9.93648335e-01,1.71810300e+00,3.14768575e+01,1.39131357e+00,5.78335890e+00
5.80000000e-01,5.80000000e-01,1.48000000e+00,1.64698744e-03,1.18913313e+00,1.60830370e+00,9.93648335e-01,1.71810300e+00,3.14768575e+01,1.39131357e+00,5.78335890e+00
5.90000000e-01,5.90000000e-01,1.48000000e+00,1.66175316e-03,1.18913313e+00,1.60830370e+00,9.93648335e-01,1.71810300e+00,3.14768575e+01,1.39131357e+00,5.78335890e+00
6.00000000e-01,6.00000000e-01,1.48000000e+00,1.67611764e-03,1.18913313e+00,1.60830370e+00,9.93648335e-01,1.71810300e+00,3.14768575e+01,1.39131357e+00,5.78335890e+00
6.10000000e-01,6.10000000e-01,1.48000000e+00,1.69008883e-03,1.18913313e+00,1.60830370e+00,9.93648335e-01,1.71810300e+00,3.14768575e+01,1.39131357e+00,5.78335890e+00
6.20000000e-01,6.20000000e-01,1.48000000e+00,1.70367494e-03,1.18913313e+00,1.60830370e+00,9.93648335e-01,1.71810300e+00,3.14768575e+01,1.39131357e+00,5.78335890e+00
6.30000000e-01,6.30000000e-01,1.48000000e+00,1.71688448e-03,1.18913313e+00,1.60830370e+00,9.93648335e-01,1.71810300e+00,3.14768575e+01,1.39131357e+00,5.78335890e+00
6.40000000e-01,6.40000000e-01,1.48000000e+00,1.72972618e-03,1.18913313e+00,1.60830370e+00,9.93648335e-01,1.71810300e+00,3.14768575e+01,1.39131357e+00,5.78335890e+00
6.50000000e-01,6.50000000e-01,1.48000000e+00,1.74220901e-03,1.18913313e+00,1.60830370e+00,9.93648335e-01,1.71810300e+00,3.14768575e+01,1.39131357e+00,5.78335890e+00
6.60000000e-01,6.60000000e-01,1.48000000e+00,1.75434210e-03,1.18913313e+00,1.60830370e+00,9.93648335e-01,1.71810300e+00,3.14768575e+01,1.39131357e+00,5.78335890e+00
6.70000000e-01,6.70000000e-01,1.48000000e+00,1.76613472e-03,1.18913313e+00,1.60830370e+00,9.93648335e-01,1.71810300e+00,3.14768575e+01,1.39131357e+00,5.78335890e+00
6.80000000e-01,6.80000000e-01,1.48000000e+00,1.77759628e-03,1.18913313e+00,1.60830370e+00,9.93648335e-01,1.71810300e+00,3.14768575e+01,1.39131357e+00,5.78335890e+00
6.90000000e-01,6.90000000e-01,1.48000000e+00,1.78873624e-03,1.18913313e+00,1.60830370e+00,9.93648335e-01,1.71810300e+00,3.14768575e+01,1.39131357e+00,5.78335890e+00
7.00000000e-01,7.00000000e-01,1.48000000e+00,1.79956411e-03,1.18913313e+00,1.60830370e+00,9.93648335e-01,1.71810300e+00,3.14768575e+01,1.39131357e+00,5.78335890e+00
7.10000000e-01,7.10000000e-01,1.48000000e+00,1.81008942e-03,1.18913313e+00,1.60830370e+00,9.93648335e-01,1.71810300e+00,3.14768575e+01,1.39131357e+00,5.78335890e+00
7.20000000e-01,7.20000000e-01,1.48000000e+00,1.82032166e-03,1.18913313e+00,1.60830370e+00,9.93648335e-01,1.71810300e+00,3.14768575e+01,1.39131357e+00,5.78335890e+00
7.30000000e-01,7.30000000e-01,1.48000000e+00,1.83027029e-03,1.18913313e+00,1.60830370e+00,9.93648335e-01,1.71810300e+00,3.14768575e+01,1.39131357e+00,5.78335890e+00
7.40000000e-01,7.40000000e-01,1.48000000e+00,1.83994468e-03,1.18913313e+00,1.60830370e+00,9.93648335e-01,1.71810300e+00,3.14768575e+01,1.39131357e+00,5.78335890e+00
7.50000000e-01,7.50000000e-01,1.48000000e+00,1.84935409e-03,1.18913313e+00,1.60830370e+00,9.93648335e-01,1.71810300e+00,3.14768575e+01,1.39131357e+00,5.78335890e+00
7.60000000e-01,7.60000000e-01,1.48000000e+00,1.85850766e-03,1.18913313e+00,1.60830370e+00,9.93648335e-01,1.71810300e+00,3.14768575e+01,1.39131357e+00,5.78335890e+00
7.70000000e-01,7.70000000e-01,1.48000000e+00,1.86741439e-03,1.18913313e+00,1.60830370e+00,9.93648335e-01,1.71810300e+00,3.14768575e+01,1.39131357e+00,5.78335890e+00
7.80000000e-01,7.80000000e-01,1.48000000e+00,1.87608307e-03,1.18913313e+00,1.60830370e+00,9.93648335e-01,1.71810300e+00,3.14768575e+01,1.39131357e+00,5.78335890e+00
7.90000000e-01,7.90000000e-01,1.48000000e+00,1.88452235e-03,1.18913313e+00,1.60830370e+00,9.93648335e-01,1.71810300e+00,3.14768575e+01,1.39131357e+00,5.78335890e+00
8.00000000e-01,8.00000000e-01,1.48000000e+00,1.89274066e-03,1.18913313e+00,1.60830370e+00,9.93648335e-01,1.71810300e+00,3.14768575e+01,1.39131357e+00,5.78335890e+00
8.10000000e-01,8.10000000e-01,1.48000000e+00,1.90074620e-03,1.18913313e+00,1.60830370e+00,9.93648335e-01,1.71810300e+00,3.14768575e+01,1.39131357e+00,5.78335890e+00
8.20000000e-01,8.20000000e-01,1.48000000e+00,1.90854698e-03,1.18913313e+00,1.60830370e+00,9.93648335e-01,1.71810300e+00,3.14768575e+01,1.39131357e+00,5.78335890e+00
8.30000000e-01,8.30000000e-01,1.48000000e+00,1.91615076e-03,1.18913313e+00,1.60830370e+00,9.93648335e-01,1.71810300e+00,3.14768575e+01,1.39131357e+00,5.78335890e+00
8.40000000e-01,8.40000000e-01,1.48000000e+00,1.92356507e-03,1.18913313e+00,1.60830370e+00,9.93648335e-01,1.71810300e+00,3.14768575e+01,1.39131357e+00,5.78335890e+00
8.50000000e-01,8.50000000e-01,1.48000000e+00,1.93079719e-03,1.18913313e+00,1.60830370e+00,9.93648335e-01,1.71810300e+00,3.14768575e+01,1.39131357e+00,5.78335890e+00
8.60000000e-01,8.60000000e-01,1.48000000e+00,1.93785418e-03,1.18913313e+00,1.60830370e+00,9.93648335e-01,1.71810300e+00,3.14768575e+01,1.39131357e+00,5.78335890e+00
8.70000000e-01,8.70000000e-01,1.48000000e+00,1.94474284e-03,1.18913313e+00,1.60830370e+00,9.93648335e-01,1.71810300e+00,3.14768575e+01,1.39131357e+00,5.78335890e+00
8.80000000e-01,8.80000000e-01,1.48000000e+00,1.95146972e-03,1.18913313e+00,1.60830370e+00,9.93648335e-01,1.71810300e+00,3.14768575e+01,1.39131357e+00,5.78335890e+00
8.90000000e-01,8.90000000e-01,1.48000000e+00,1.95804116e-03,1.18913313e+00,1.60830370e+00,9.93648335e-01,1.71810300e+00,3.14768575e+01,1.39131357e+00,5.78335890e+00
9.00000000e-01,9.00000000e-01,1.48000000e+00,1.96446323e-03,1.18913313e+00,1.60830370e+00,9.93648335e-01,1.71810300e+00,3.14768575e+01,1.39131357e+00,5.78335890e+00
9.10000000e-01,9.10000000e-01,1.48000000e+00,1.97074178e-03,1.18913313e+00,1.60830370e+00,9.93648335e-01,1.71810300e+00,3.14768575e+01,1.39131357e+00,5.78335890e+00
9.20000000e-01,9.20000000e-01,1.48000000e+00,1.97688244e-03,1.18913313e+00,1.60830370e+00,9.93648335e-01,1.71810300e+00,3.14768575e+01,1.39131357e+00,5.78335890e+00
9.30000000e-01,9.30000000e-01,1.48000000e+00,1.98289060e-03,1.18913313e+00,1.60830370e+00,9.93648335e-01,1.71810300e+00,3.14768575e+01,1.39131357e+00,5.78335890e+00
9.40000000e-01,9.40000000e-01,1.48000000e+00,1.98877144e-03,1.18913313e+00,1.60830370e+00,9.93648335e-01,1.71810300e+00,3.14768575e+01,1.39131357e+00,5.78335890e+00
9.50000000e-01,9.50000000e-01,1.48000000e+00,1.99452993e-03,1.18913313e+00,1.60830370e+00,9.93648335e-01,1.71810300e+00,3.14768575e+01,1.39131357e+00,5.78335890e+00
9.60000000e-01,9.60000000e-01,1.48000000e+00,2.00017082e-03,1.18913313e+00,1.60830370e+00,9.93648335e-01,1.71810300e+00,3.14768575e+01,1.39131357e+00,5.78335890e+00
9.70000000e-01,9.70000000e-01,1.48000000e+00,2.00569866e-03,1.18913313e+00,1.60830370e+00,9.93648335e-01,1.71810300e+00,3.14768575e+01,1.39131357e+00,5.78335890e+00
9.80000000e-01,9.80000000e-01,1.48000000e+00,2.01111784e-03,1.18913313e+00,1.60830370e+00,9.93648335e-01,1.71810300e+00,3.14768575e+01,1.39131357e+00,5.78335890e+00
9.90000000e-01,9.90000000e-01,1.48000000e+00,2.01643252e-03,1.18913313e+00,1.60830370e+00,9.93648335e-01,1.71810300e+00,3.14768575e+01,1.39131357e+00,5.78335890e+00
1.00000000e+00,1.00000000e+00,1.48000000e+00,2.02164671e-03,1.18913313e+00,1.60830370e+00,9.93648335e-01,1.71810300e+00,3.14768575e+01,1.39131357e+00,5.78335890e+00
1.01000000e+00,1.01000000e+00,1.48000000e+00,2.02676423e-03,1.18913313e+00,1.60830370e+00,9.93648335e-01,1.71810300e+00,3.14768575e+01,1.39131357e+00,5.78335890e+00
1.02000000e+00,1.02000000e+00,1.48000000e+00,2.03178874e-03,1.18913313e+00,1.60830370e+00,9.93648335e-01,1.71810300e+00,3.14768575e+01,1.39131357e+00,5.78335890e+00
1.03000000e+00,1.03000000e+00,1.48000000e+00,2.03672376e-03,1.18913313e+00,1.60830370e+00,9.93648335e-01,1.71810300e+00,3.14768575e+01,1.39131357e+00,5.78335890e+00
1.04000000e+00,1.04000000e+00,1.48000000e+00,2.04157262e-03,1.18913313e+00,1.60830370e+00,9.93648335e-01,1.71810300e+00,3.14768575e+01,1.39131357e+00,5.78335890e+00
1.05000000e+00,1.05000000e+00,1.48000000e+00,2.04633853e-03,1.18913313e+00,1.60830370e+00,9.93648335e-01,1.71810300e+00,3.14768575e+01,1.39131357e+00,5.78335890e+00
1.06000000e+00,1.06000000e+00,1.48000000e+00,2.05102456e-03,1.18913313e+00,1.60830370e+00,9.93648335e-01,1.71810300e+00,3.14768575e+01,1.39131357e+00,5.78335890e+00
1.07000000e+00,1.07000000e+00,1.48000000e+00,2.05563363e-03,1.18913313e+00,1.60830370e+00,9.93648335e-01,1.71810300e+00,3.14768575e+01,1.39131357e+00,5.78335890e+00
1.08000000e+00,1.08000000e+00,1.48000000e+00,2.06016855e-03,1.18913313e+00,1.60830370e+00,9.93648335e-01,1.71810300e+00,3.14768575e+01,1.39131357e+00,5.78335890e+00
1.09000000e+00,1.09000000e+00,1.48000000e+00,2.06463200e-03,1.18913313e+00,1.60830370e+00,9.93648335e-01,1.71810300e+00,3.14768575e+01,1.39131357e+00,5.78335890e+00
1.10000000e+00,1.10000000e+00,1.48000000e+00,2.06902655e-03,1.18913313e+00,1.60830370e+00,9.93648335e-01,1.71810300e+00,3.14768575e+01,1.39131357e+00,5.78335890e+00
1.11000000e+00,1.11000000e+00,1.48000000e+00,2.07335464e-03,1.18913313e+00,1.60830370e+00,9.93648335e-01,1.71810300e+00,3.14768575e+01,1.39131357e+00,5.78335890e+00
1.12000000e+00,1.12000000e+00,1.48000000e+00,2.07761862e-03,1.18913313e+00,1.60830370e+00,9.93648335e-01,1.71810300e+00,3.14768575e+01,1.39131357e+00,5.78335890e+00
1.13000000e+00,1.13000000e+00,1.48000000e+00,2.08182074e-03,1.18913313e+00,1.60830370e+00,9.93648335e-01,1.71810300e+00,3.14768575e+01,1.39131357e+00,5.78335890e+00
1.14000000e+00,1.14000000e+00,1.48000000e+00,2.08596315e-03,1.18913313e+00,1.60830370e+00,9.93648335e-01,1.71810300e+00,3.14768575e+01,1.39131357e+00,5.78335890e+00
1.15000000e+00,1.15000000e+00,1.48000000e+00,2.09004791e-03,1.18913313e+00,1.60830370e+00,9.93648335e-01,1.71810300e+00,3.14768575e+01,1.39131357e+00,5.78335890e+00
1.16000000e+00,1.16000000e+00,1.48000000e+00,2.09407698e-03,1.18913313e+00,1.60830370e+00,9.93648335e-01,1.71810300e+00,3.14768575e+01,1.39131357e+00,5.78335890e+00
1.17000000e+00,1.17000000e+00,1.48000000e+00,2.09805225e-03,1.18913313e+00,1.60830370e+00,9.93648335e-01,1.71810300e+00,3.14768575e+01,1.39131357e+00,5.78335890e+00
1.18000000e+00,1.18000000e+00,1.48000000e+00,2.10197552e-03,1.18913313e+00,1.60830370e+00,9.93648335e-01,1.71810300e+00,3.14768575e+01,1.39131357e+00,5.78335890e+00
1.19000000e+00,1.19000000e+00,1.48000000e+00,2.10584854e-03,1.18913313e+00,1.60830370e+00,9.93648335e-01,1.71810300e+00,3.14768575e+01,1.39131357e+00,5.78335890e+00
1.20000000e+00,1.20000000e+00,1.48000000e+00,2.10967295e-03,1.18913313e+00,1.60830370e+00,9.93648335e-01,1.71810300e+00,3.14768575e+01,1.39131357e+00,5.78335890e+00
1.21000000e+00,1.21000000e+00,1.48000000e+00,2.11345034e-03,1.18913313e+00,1.60830370e+00,9.93648335e-01,1.71810300e+00,3.14768575e+01,1.39131357e+00,5.78335890e+00
1.22000000e+00,1.22000000e+00,1.48000000e+00,2.11718225e-03,1.18913313e+00,1.60830370e+00,9.93648335e-01,1.71810300e+00,3.14768575e+01,1.39131357e+00,5.78335890e+00
1.23000000e+00,1.23000000e+00,1.48000000e+00,2.12087012e-03,1.18913313e+00,1.60830370e+00,9.93648335e-01,1.71810300e+00,3.14768575e+01,1.39131357e+00,5.78335890e+00
1.24000000e+00,1.24000000e+00,1.48000000e+00,2.12451537e-03,1.18913313e+00,1.60830370e+00,9.93648335e-01,1.71810300e+00,3.14768575e+01,1.39131357e+00,5.78335890e+00
1.25000000e+00,1.25000000e+00,1.48000000e+00,2.12811933e-03,1.18913313e+00,1.60830370e+00,9.93648335e-01,1.71810300e+00,3.14768575e+01,1.39131357e+00,5.78335890e+00
1.26000000e+00,1.26000000e+00,1.48000000e+00,2.13168330e-03,1.18913313e+00,1.60830370e+00,9.93648335e-01,1.71810300e+00,3.14768575e+01,1.39131357e+00,5.78335890e+00
1.27000000e+00,1.27000000e+00,1.48000000e+00,2.13520852e-03,1.18913313e+00,1.60830370e+00,9.93648335e-01,1.71810300e+00,3.14768575e+01,1.39131357e+00,5.78335890e+00
1.28000000e+00,1.28000000e+00,1.48000000e+00,2.13869617e-03,1.18913313e+00,1.60830370e+00,9.93648335e-01,1.71810300e+00,3.14768575e+01,1.39131357e+00,5.78335890e+00
1.29000000e+00,1.29000000e+00,1.48000000e+00,2.14214739e-03,1.18913313e+00,1.60830370e+00,9.93648335e-01,1.71810300e+00,3.14768575e+01,1.39131357e+00,5.78335890e+00
1.30000000e+00,1.30000000e+00,1.48000000e+00,2.14556329e-03,1.18913313e+00,1.60830370e+00,9.93648335e-01,1.71810300e+00,3.14768575e+01,1.39131357e+00,5.78335890e+00
1.31000000e+00,1.31000000e+00,1.48000000e+00,2.14894493e-03,1.18913313e+00,1.60830370e+00,9.93648335e-01,1.71810300e+00,3.14768575e+01,1.39131357e+00,5.78335890e+00
1.32000000e+00,1.32000000e+00,1.48000000e+00,2.15229330e-03,1.18913313e+00,1.60830370e+00,9.93648335e-01,1.71810300e+00,3.14768575e+01,1.39131357e+00,5.78335890e+00
1.33000000e+00,1.33000000e+00,1.48000000e+00,2.15560940e-03,1.18913313e+00,1.60830370e+00,9.93648335e-01,1.71810300e+00,3.14768575e+01,1.39131357e+00,5.78335890e+00
1.34000000e+00,1.34000000e+00,1.48000000e+00,2.15889415e-03,1.18913313e+00,1.60830370e+00,9.93648335e-01,1.71810300e+00,3.14768575e+01,1.39131357e+00,5.78335890e+00
1.35000000e+00,1.35000000e+00,1.48000000e+00,2.16214846e-03,1.18913313e+00,1.60830370e+00,9.93648335e-01,1.71810300e+00,3.14768575e+01,1.39131357e+00,5.78335890e+00
1.36000000e+00,1.36000000e+00,1.48000000e+00,2.16537320e-03,1.18913313e+00,1.60830370e+00,9.93648335e-01,1.71810300e+00,3.14768575e+01,1.39131357e+00,5.78335890e+00
1.37000000e+00,1.37000000e+00,1.48000000e+00,2.16856921e-03,1.18913313e+00,1.60830370e+00,9.93648335e-01,1.71810300e+00,3.14768575e+01,1.39131357e+00,5.78335890e+00
1.38000000e+00,1.38000000e+00,1.48000000e+00,2.17173728e-03,1.18913313e+00,1.60830370e+00,9.93648335e-01,1.71810300e+00,3.14768575e+01,1.39131357e+00,5.78335890e+00
1.39000000e+00,1.39000000e+00,1.48000000e+00,2.17487821e-03,1.18913313e+00,1.60830370e+00,9.93648335e-01,1.71810300e+00,3.14768575e+01,1.39131357e+00,5.78335890e+00
1.40000000e+00,1.40000000e+00,1.48000000e+00,2.17799272e-03,1.18913313e+00,1.60830370e+00,9.93648335e-01,1.71810300e+00,3.14768575e+01,1.39131357e+00,5.78335890e+00
1.41000000e+00,1.41000000e+00,1.48000000e+00,2.18108155e-03,1.18913313e+00,1.60830370e+00,9.93648335e-01,1.71810300e+00,3.14768575e+01,1.39131357e+00,5.78335890e+00
1.42000000e+00,1.42000000e+00,1.48000000e+00,2.18414538e-03,1.18913313e+00,1.60830370e+00,9.93648335e-01,1.71810300e+00,3.14768575e+01,1.39131357e+00,5.78335890e+00
1.43000000e+00,1.43000000e+00,1.48000000e+00,2.18718490e-03,1.18913313e+00,1.60830370e+00,9.93648335e-01,1.71810300e+00,3.14768575e+01,1.39131357e+00,5.78335890e+00
1.44000000e+00,1.44000000e+00,1.48000000e+00,2.19020073e-03,1.18913313e+00,1.60830370e+00,9.93648335e-01,1.71810300e+00,3.14768575e+01,1.39131357e+00,5.78335890e+00
1.45000000e+00,1.45000000e+00,1.48000000e+00,2.19319351e-03,1.18913313e+00,1.60830370e+00,9.93648335e-01,1.71810300e+00,3.14768575e+01,1.39131357e+00,5.78335890e+00
1.46000000e+00,1.46000000e+00,1.48000000e+00,2.19616384e-03,1.18913313e+00,1.60830370e+00,9.93648335e-01,1.71810300e+00,3.14768575e+01,1.39131357e+00,5.78335890e+00
1.47000000e+00,1.47000000e+00,1.48000000e+00,2.19911230e-03,1.18913313e+00,1.60830370e+00,9.93648335e-01,1.71810300e+00,3.14768575e+01,1.39131357e+00,5.78335890e+00
1.48000000e+00,1.48000000e+00,1.48000000e+00,2.20203945e-03,1.18913313e+00,1.60830370e+00,9.93648335e-01,1.71810300e+00,3.14768575e+01,1.39131357e+00,5.78335890e+00
1.49000000e+00,1.49000000e+00,1.48000000e+00,2.20494583e-03,1.18913313e+00,1.60830370e+00,9.93648335e-01,1.71810300e+00,3.14768575e+01,1.39131357e+00,5.78335890e+00
1.50000000e+00,1.50000000e+00,1.48000000e+00,2.20783197e-03,1.18913313e+00,1.60830370e+00,9.93648335e-01,1.71810300e+00,3.14768575e+01,1.39131357e+00,5.78335890e+00
1.51000000e+00,1.51000000e+00,1.48000000e+00,2.21069836e-03,1.18913313e+00,1.60830370e+00,9.93648335e-01,1.71810300e+00,3.14768575e+01,1.39131357e+00,5.78335890e+00
1.52000000e+00,1.52000000e+00,1.48000000e+00,2.21354551e-03,1.18913313e+00,1.60830370e+00,9.93648335e-01,1.71810300e+00,3.14768575e+01,1.39131357e+00,5.78335890e+00
1.53000000e+00,1.53000000e+00,1.48000000e+00,2.21637388e-03,1.18913313e+00,1.60830370e+00,9.93648335e-01,1.71810300e+00,3.14768575e+01,1.39131357e+00,5.78335890e+00
1.54000000e+00,1.54000000e+00,1.48000000e+00,2.21918393e-03,1.18913313e+00,1.60830370e+00,9.93648335e-01,1.71810300e+00,3.14768575e+01,1.39131357e+00,5.78335890e+00
1.55000000e+00,1.55000000e+00,1.48000000e+00,2.22197610e-03,1.18913313e+00,1.60830370e+00,9.93648335e-01,1.71810300e+00,3.14768575e+01,1.39131357e+00,5.78335890e+00
1.56000000e+00,1.56000000e+00,1.48000000e+00,2.22475082e-03,1.18913313e+00,1.60830370e+00,9.93648335e-01,1.71810300e+00,3.14768575e+01,1.39131357e+00,5.78335890e+00
1.57000000e+00,1.57000000e+00,1.48000000e+00,2.22750851e-03,1.18913313e+00,1.60830370e+00,9.93648335e-01,1.71810300e+00,3.14768575e+01,1.39131357e+00,5.78335890e+00
1.58000000e+00,1.58000000e+00,1.48000000e+00,2.23024956e-03,1.18913313e+00,1.60830370e+00,9.93648335e-01,1.71810300e+00,3.14768575e+01,1.39131357e+00,5.78335890e+00
1.59000000e+00,1.59000000e+00,1.48000000e+00,2.23297437e-03,1.18913313e+00,1.60830370e+00,9.93648335e-01,1.71810300e+00,3.14768575e+01,1.39131357e+00,5.78335890e+00
1.60000000e+00,1.60000000e+00,1.48000000e+00,2.23568331e-03,1.18913313e+00,1.60830370e+00,9.93648335e-01,1.71810300e+00,3.14768575e+01,1.39131357e+00,5.78335890e+00
1.61000000e+00,1.61000000e+00,1.48000000e+00,2.23837675e-03,1.18913313e+00,1.60830370e+00,9.93648335e-01,1.71810300e+00,3.14768575e+01,1.39131357e+00,5.78335890e+00
1.62000000e+00,1.62000000e+00,1.48000000e+00,2.24105504e-03,1.18913313e+00,1.60830370e+00,9.93648335e-01,1.71810300e+00,3.14768575e+01,1.39131357e+00,5.78335890e+00
1.63000000e+00,1.63000000e+00,1.48000000e+00,2.24371852e-03,1.18913313e+00,1.60830370e+00,9.93648335e-01,1.71810300e+00,3.14768575e+01,1.39131357e+00,5.78335890e+00
1.64000000e+00,1.64000000e+00,1.48000000e+00,2.24636753e-03,1.18913313e+00,1.60830370e+00,9.93648335e-01,1.71810300e+00,3.14768575e+01,1.39131357e+00,5.78335890e+00
1.65000000e+00,1.65000000e+00,1.48000000e+00,2.24900238e-03,1.18913313e+00,1.60830370e+00,9.93648335e-01,1.71810300e+00,3.14768575e+01,1.39131357e+00,5.78335890e+00
1.66000000e+00,1.66000000e+00,1.48000000e+00,2.25162340e-03,1.18913313e+00,1.60830370e+00,9.93648335e-01,1.71810300e+00,3.14768575e+01,1.39131357e+00,5.78335890e+00
1.67000000e+00,1.67000000e+00,1.48000000e+00,2.25423088e-03,1.18913313e+00,1.60830370e+00,9.93648335e-01,1.71810300e+00,3.14768575e+01,1.39131357e+00,5.78335890e+00
1.68000000e+00,1.68000000e+00,1.48000000e+00,2.25682512e-03,1.18913313e+00,1.60830370e+00,9.93648335e-01,1.71810300e+00,3.14768575e+01,1.39131357e+00,5.78335890e+00
1.69000000e+00,1.69000000e+00,1.48000000e+00,2.25940640e-03,1.18913313e+00,1.60830370e+00,9.93648335e-01,1.71810300e+00,3.14768575e+01,1.39131357e+00,5.78335890e+00
1.70000000e+00,1.70000000e+00,1.48000000e+00,2.26197500e-03,1.18913313e+00,1.60830370e+00,9.93648335e-01,1.71810300e+00,3.14768575e+01,1.39131357e+00,5.78335890e+00
1.71000000e+00,1.71000000e+00,1.48000000e+00,2.26453120e-03,1.18913313e+00,1.60830370e+00,9.93648335e-01,1.71810300e+00,3.14768575e+01,1.39131357e+00,5.78335890e+00
1.72000000e+00,1.72000000e+00,1.48000000e+00,2.26707525e-03,1.18913313e+00,1.60830370e+00,9.93648335e-01,1.71810300e+00,3.14768575e+01,1.39131357e+00,5.78335890e+00
1.73000000e+00,1.73000000e+00,1.48000000e+00,2.26960741e-03,1.18913313e+00,1.60830370e+00,9.93648335e-01,1.71810300e+00,3.14768575e+01,1.39131357e+00,5.78335890e+00
1.74000000e+00,1.74000000e+00,1.48000000e+00,2.27212792e-03,1.18913313e+00,1.60830370e+00,9.93648335e-01,1.71810300e+00,3.14768575e+01,1.39131357e+00,5.78335890e+00
1.75000000e+00,1.75000000e+00,1.48000000e+00,2.27463703e-03,1.18913313e+00,1.60830370e+00,9.93648335e-01,1.71810300e+00,3.14768575e+01,1.39131357e+00,5.78335890e+00
1.76000000e+00,1.76000000e+00,1.48000000e+00,2.27713498e-03,1.18913313e+00,1.60830370e+00,9.93648335e-01,1.71810300e+00,3.14768575e+01,1.39131357e+00,5.78335890e+00
1.77000000e+00,1.77000000e+00,1.48000000e+00,2.27962198e-03,1.18913313e+00,1.60830370e+00,9.93648335e-01,1.71810300e+00,3.14768575e+01,1.39131357e+00,5.78335890e+00
1.78000000e+00,1.78000000e+00,1.48000000e+00,2.28209826e-03,1.18913313e+00,1.60830370e+00,9.93648335e-01,1.71810300e+00,3.14768575e+01,1.39131357e+00,5.78335890e+00
1.79000000e+00,1.79000000e+00,1.48000000e+00,2.28456404e-03,1.18913313e+00,1.60830370e+00,9.93648335e-01,1.71810300e+00,3.14768575e+01,1.39131357e+00,5.78335890e+00
1.80000000e+00,1.80000000e+00,1.48000000e+00,2.28701953e-03,1.18913313e+00,1.60830370e+00,9.93648335e-01,1.71810300e+00,3.14768575e+01,1.39131357e+00,5.78335890e+00
1.81000000e+00,1.81000000e+00,1.48000000e+00,2.28946493e-03,1.18913313e+00,1.60830370e+00,9.93648335e-01,1.71810300e+00,3.14768575e+01,1.39131357e+00,5.78335890e+00
1.82000000e+00,1.82000000e+00,1.48000000e+00,2.29190045e-03,1.18913313e+00,1.60830370e+00,9.93648335e-01,1.71810300e+00,3.14768575e+01,1.39131357e+00,5.78335890e+00
1.83000000e+00,1.83000000e+00,1.48000000e+00,2.29432627e-03,1.18913313e+00,1.60830370e+00,9.93648335e-01,1.71810300e+00,3.14768575e+01,1.39131357e+00,5.78335890e+00
1.84000000e+00,1.84000000e+00,1.48000000e+00,2.29674259e-03,1.18913313e+00,1.60830370e+00,9.93648335e-01,1.71810300e+00,3.14768575e+01,1.39131357e+00,5.78335890e+00
1.85000000e+00,1.85000000e+00,1.48000000e+00,2.29914959e-03,1.18913313e+00,1.60830370e+00,9.93648335e-01,1.71810300e+00,3.14768575e+01,1.39131357e+00,5.78335890e+00
