vSweep,run_num,vd,id,vth0,u0,rdsw,nfactor,vsat,eta0
0.00000000e+00,8.57200000e+03,1.85000000e+00,-1.85137520e-12,3.10953911e-01,4.47105658e-02,9.56557986e+01,1.76014434e+00,8.18705109e+04,-1.77338308e-01
1.00000000e-02,8.57200000e+03,1.85000000e+00,-1.85137520e-12,3.10953911e-01,4.47105658e-02,9.56557986e+01,1.76014434e+00,8.18705109e+04,-1.77338308e-01
2.00000000e-02,8.57200000e+03,1.85000000e+00,-1.85137520e-12,3.10953911e-01,4.47105658e-02,9.56557986e+01,1.76014434e+00,8.18705109e+04,-1.77338308e-01
3.00000000e-02,8.57200000e+03,1.85000000e+00,-1.85137520e-12,3.10953911e-01,4.47105658e-02,9.56557986e+01,1.76014434e+00,8.18705109e+04,-1.77338308e-01
4.00000000e-02,8.57200000e+03,1.85000000e+00,-1.85137520e-12,3.10953911e-01,4.47105658e-02,9.56557986e+01,1.76014434e+00,8.18705109e+04,-1.77338308e-01
5.00000000e-02,8.57200000e+03,1.85000000e+00,-1.85137520e-12,3.10953911e-01,4.47105658e-02,9.56557986e+01,1.76014434e+00,8.18705109e+04,-1.77338308e-01
6.00000000e-02,8.57200000e+03,1.85000000e+00,-1.85137520e-12,3.10953911e-01,4.47105658e-02,9.56557986e+01,1.76014434e+00,8.18705109e+04,-1.77338308e-01
7.00000000e-02,8.57200000e+03,1.85000000e+00,-1.85137520e-12,3.10953911e-01,4.47105658e-02,9.56557986e+01,1.76014434e+00,8.18705109e+04,-1.77338308e-01
8.00000000e-02,8.57200000e+03,1.85000000e+00,-1.85137520e-12,3.10953911e-01,4.47105658e-02,9.56557986e+01,1.76014434e+00,8.18705109e+04,-1.77338308e-01
9.00000000e-02,8.57200000e+03,1.85000000e+00,-1.85137520e-12,3.10953911e-01,4.47105658e-02,9.56557986e+01,1.76014434e+00,8.18705109e+04,-1.77338308e-01
1.00000000e-01,8.57200000e+03,1.85000000e+00,-1.85137520e-12,3.10953911e-01,4.47105658e-02,9.56557986e+01,1.76014434e+00,8.18705109e+04,-1.77338308e-01
1.10000000e-01,8.57200000e+03,1.85000000e+00,-1.85137520e-12,3.10953911e-01,4.47105658e-02,9.56557986e+01,1.76014434e+00,8.18705109e+04,-1.77338308e-01
1.20000000e-01,8.57200000e+03,1.85000000e+00,-1.85137520e-12,3.10953911e-01,4.47105658e-02,9.56557986e+01,1.76014434e+00,8.18705109e+04,-1.77338308e-01
1.30000000e-01,8.57200000e+03,1.85000000e+00,-1.85137520e-12,3.10953911e-01,4.47105658e-02,9.56557986e+01,1.76014434e+00,8.18705109e+04,-1.77338308e-01
1.40000000e-01,8.57200000e+03,1.85000000e+00,-1.85137521e-12,3.10953911e-01,4.47105658e-02,9.56557986e+01,1.76014434e+00,8.18705109e+04,-1.77338308e-01
1.50000000e-01,8.57200000e+03,1.85000000e+00,-1.85137522e-12,3.10953911e-01,4.47105658e-02,9.56557986e+01,1.76014434e+00,8.18705109e+04,-1.77338308e-01
1.60000000e-01,8.57200000e+03,1.85000000e+00,-1.85137524e-12,3.10953911e-01,4.47105658e-02,9.56557986e+01,1.76014434e+00,8.18705109e+04,-1.77338308e-01
1.70000000e-01,8.57200000e+03,1.85000000e+00,-1.85137530e-12,3.10953911e-01,4.47105658e-02,9.56557986e+01,1.76014434e+00,8.18705109e+04,-1.77338308e-01
1.80000000e-01,8.57200000e+03,1.85000000e+00,-1.85137543e-12,3.10953911e-01,4.47105658e-02,9.56557986e+01,1.76014434e+00,8.18705109e+04,-1.77338308e-01
1.90000000e-01,8.57200000e+03,1.85000000e+00,-1.85137575e-12,3.10953911e-01,4.47105658e-02,9.56557986e+01,1.76014434e+00,8.18705109e+04,-1.77338308e-01
2.00000000e-01,8.57200000e+03,1.85000000e+00,-1.85137651e-12,3.10953911e-01,4.47105658e-02,9.56557986e+01,1.76014434e+00,8.18705109e+04,-1.77338308e-01
2.10000000e-01,8.57200000e+03,1.85000000e+00,-1.85137834e-12,3.10953911e-01,4.47105658e-02,9.56557986e+01,1.76014434e+00,8.18705109e+04,-1.77338308e-01
2.20000000e-01,8.57200000e+03,1.85000000e+00,-1.85138269e-12,3.10953911e-01,4.47105658e-02,9.56557986e+01,1.76014434e+00,8.18705109e+04,-1.77338308e-01
2.30000000e-01,8.57200000e+03,1.85000000e+00,-1.85139310e-12,3.10953911e-01,4.47105658e-02,9.56557986e+01,1.76014434e+00,8.18705109e+04,-1.77338308e-01
2.40000000e-01,8.57200000e+03,1.85000000e+00,-1.85141796e-12,3.10953911e-01,4.47105658e-02,9.56557986e+01,1.76014434e+00,8.18705109e+04,-1.77338308e-01
2.50000000e-01,8.57200000e+03,1.85000000e+00,-1.85147735e-12,3.10953911e-01,4.47105658e-02,9.56557986e+01,1.76014434e+00,8.18705109e+04,-1.77338308e-01
2.60000000e-01,8.57200000e+03,1.85000000e+00,-1.85161921e-12,3.10953911e-01,4.47105658e-02,9.56557986e+01,1.76014434e+00,8.18705109e+04,-1.77338308e-01
2.70000000e-01,8.57200000e+03,1.85000000e+00,-1.85195809e-12,3.10953911e-01,4.47105658e-02,9.56557986e+01,1.76014434e+00,8.18705109e+04,-1.77338308e-01
2.80000000e-01,8.57200000e+03,1.85000000e+00,-1.85276756e-12,3.10953911e-01,4.47105658e-02,9.56557986e+01,1.76014434e+00,8.18705109e+04,-1.77338308e-01
2.90000000e-01,8.57200000e+03,1.85000000e+00,-1.85470096e-12,3.10953911e-01,4.47105658e-02,9.56557986e+01,1.76014434e+00,8.18705109e+04,-1.77338308e-01
3.00000000e-01,8.57200000e+03,1.85000000e+00,-1.85931842e-12,3.10953911e-01,4.47105658e-02,9.56557986e+01,1.76014434e+00,8.18705109e+04,-1.77338308e-01
3.10000000e-01,8.57200000e+03,1.85000000e+00,-1.87034435e-12,3.10953911e-01,4.47105658e-02,9.56557986e+01,1.76014434e+00,8.18705109e+04,-1.77338308e-01
3.20000000e-01,8.57200000e+03,1.85000000e+00,-1.89666670e-12,3.10953911e-01,4.47105658e-02,9.56557986e+01,1.76014434e+00,8.18705109e+04,-1.77338308e-01
3.30000000e-01,8.57200000e+03,1.85000000e+00,-1.95948329e-12,3.10953911e-01,4.47105658e-02,9.56557986e+01,1.76014434e+00,8.18705109e+04,-1.77338308e-01
3.40000000e-01,8.57200000e+03,1.85000000e+00,-2.10930583e-12,3.10953911e-01,4.47105658e-02,9.56557986e+01,1.76014434e+00,8.18705109e+04,-1.77338308e-01
3.50000000e-01,8.57200000e+03,1.85000000e+00,-2.46633182e-12,3.10953911e-01,4.47105658e-02,9.56557986e+01,1.76014434e+00,8.18705109e+04,-1.77338308e-01
3.60000000e-01,8.57200000e+03,1.85000000e+00,-3.31597647e-12,3.10953911e-01,4.47105658e-02,9.56557986e+01,1.76014434e+00,8.18705109e+04,-1.77338308e-01
3.70000000e-01,8.57200000e+03,1.85000000e+00,-5.33376781e-12,3.10953911e-01,4.47105658e-02,9.56557986e+01,1.76014434e+00,8.18705109e+04,-1.77338308e-01
3.80000000e-01,8.57200000e+03,1.85000000e+00,-1.01106024e-11,3.10953911e-01,4.47105658e-02,9.56557986e+01,1.76014434e+00,8.18705109e+04,-1.77338308e-01
3.90000000e-01,8.57200000e+03,1.85000000e+00,-2.13647208e-11,3.10953911e-01,4.47105658e-02,9.56557986e+01,1.76014434e+00,8.18705109e+04,-1.77338308e-01
4.00000000e-01,8.57200000e+03,1.85000000e+00,-4.76870104e-11,3.10953911e-01,4.47105658e-02,9.56557986e+01,1.76014434e+00,8.18705109e+04,-1.77338308e-01
4.10000000e-01,8.57200000e+03,1.85000000e+00,-1.08588167e-10,3.10953911e-01,4.47105658e-02,9.56557986e+01,1.76014434e+00,8.18705109e+04,-1.77338308e-01
4.20000000e-01,8.57200000e+03,1.85000000e+00,-2.47274190e-10,3.10953911e-01,4.47105658e-02,9.56557986e+01,1.76014434e+00,8.18705109e+04,-1.77338308e-01
4.30000000e-01,8.57200000e+03,1.85000000e+00,-5.56032012e-10,3.10953911e-01,4.47105658e-02,9.56557986e+01,1.76014434e+00,8.18705109e+04,-1.77338308e-01
4.40000000e-01,8.57200000e+03,1.85000000e+00,-1.22244961e-09,3.10953911e-01,4.47105658e-02,9.56557986e+01,1.76014434e+00,8.18705109e+04,-1.77338308e-01
4.50000000e-01,8.57200000e+03,1.85000000e+00,-2.60414276e-09,3.10953911e-01,4.47105658e-02,9.56557986e+01,1.76014434e+00,8.18705109e+04,-1.77338308e-01
4.60000000e-01,8.57200000e+03,1.85000000e+00,-5.33311411e-09,3.10953911e-01,4.47105658e-02,9.56557986e+01,1.76014434e+00,8.18705109e+04,-1.77338308e-01
4.70000000e-01,8.57200000e+03,1.85000000e+00,-1.04427332e-08,3.10953911e-01,4.47105658e-02,9.56557986e+01,1.76014434e+00,8.18705109e+04,-1.77338308e-01
4.80000000e-01,8.57200000e+03,1.85000000e+00,-1.95195267e-08,3.10953911e-01,4.47105658e-02,9.56557986e+01,1.76014434e+00,8.18705109e+04,-1.77338308e-01
4.90000000e-01,8.57200000e+03,1.85000000e+00,-3.49239965e-08,3.10953911e-01,4.47105658e-02,9.56557986e+01,1.76014434e+00,8.18705109e+04,-1.77338308e-01
5.00000000e-01,8.57200000e+03,1.85000000e+00,-6.01777006e-08,3.10953911e-01,4.47105658e-02,9.56557986e+01,1.76014434e+00,8.18705109e+04,-1.77338308e-01
5.10000000e-01,8.57200000e+03,1.85000000e+00,-1.00638128e-07,3.10953911e-01,4.47105658e-02,9.56557986e+01,1.76014434e+00,8.18705109e+04,-1.77338308e-01
5.20000000e-01,8.57200000e+03,1.85000000e+00,-1.64577310e-07,3.10953911e-01,4.47105658e-02,9.56557986e+01,1.76014434e+00,8.18705109e+04,-1.77338308e-01
5.30000000e-01,8.57200000e+03,1.85000000e+00,-2.64750919e-07,3.10953911e-01,4.47105658e-02,9.56557986e+01,1.76014434e+00,8.18705109e+04,-1.77338308e-01
5.40000000e-01,8.57200000e+03,1.85000000e+00,-4.20410824e-07,3.10953911e-01,4.47105658e-02,9.56557986e+01,1.76014434e+00,8.18705109e+04,-1.77338308e-01
5.50000000e-01,8.57200000e+03,1.85000000e+00,-6.59310915e-07,3.10953911e-01,4.47105658e-02,9.56557986e+01,1.76014434e+00,8.18705109e+04,-1.77338308e-01
5.60000000e-01,8.57200000e+03,1.85000000e+00,-1.01855678e-06,3.10953911e-01,4.47105658e-02,9.56557986e+01,1.76014434e+00,8.18705109e+04,-1.77338308e-01
5.70000000e-01,8.57200000e+03,1.85000000e+00,-1.54269003e-06,3.10953911e-01,4.47105658e-02,9.56557986e+01,1.76014434e+00,8.18705109e+04,-1.77338308e-01
5.80000000e-01,8.57200000e+03,1.85000000e+00,-2.27824816e-06,3.10953911e-01,4.47105658e-02,9.56557986e+01,1.76014434e+00,8.18705109e+04,-1.77338308e-01
5.90000000e-01,8.57200000e+03,1.85000000e+00,-3.26637622e-06,3.10953911e-01,4.47105658e-02,9.56557986e+01,1.76014434e+00,8.18705109e+04,-1.77338308e-01
6.00000000e-01,8.57200000e+03,1.85000000e+00,-4.53685513e-06,3.10953911e-01,4.47105658e-02,9.56557986e+01,1.76014434e+00,8.18705109e+04,-1.77338308e-01
6.10000000e-01,8.57200000e+03,1.85000000e+00,-6.10602169e-06,3.10953911e-01,4.47105658e-02,9.56557986e+01,1.76014434e+00,8.18705109e+04,-1.77338308e-01
6.20000000e-01,8.57200000e+03,1.85000000e+00,-7.97842057e-06,3.10953911e-01,4.47105658e-02,9.56557986e+01,1.76014434e+00,8.18705109e+04,-1.77338308e-01
6.30000000e-01,8.57200000e+03,1.85000000e+00,-1.01502865e-05,3.10953911e-01,4.47105658e-02,9.56557986e+01,1.76014434e+00,8.18705109e+04,-1.77338308e-01
6.40000000e-01,8.57200000e+03,1.85000000e+00,-1.26130295e-05,3.10953911e-01,4.47105658e-02,9.56557986e+01,1.76014434e+00,8.18705109e+04,-1.77338308e-01
6.50000000e-01,8.57200000e+03,1.85000000e+00,-1.53558285e-05,3.10953911e-01,4.47105658e-02,9.56557986e+01,1.76014434e+00,8.18705109e+04,-1.77338308e-01
6.60000000e-01,8.57200000e+03,1.85000000e+00,-1.83672208e-05,3.10953911e-01,4.47105658e-02,9.56557986e+01,1.76014434e+00,8.18705109e+04,-1.77338308e-01
6.70000000e-01,8.57200000e+03,1.85000000e+00,-2.16359246e-05,3.10953911e-01,4.47105658e-02,9.56557986e+01,1.76014434e+00,8.18705109e+04,-1.77338308e-01
6.80000000e-01,8.57200000e+03,1.85000000e+00,-2.51511802e-05,3.10953911e-01,4.47105658e-02,9.56557986e+01,1.76014434e+00,8.18705109e+04,-1.77338308e-01
6.90000000e-01,8.57200000e+03,1.85000000e+00,-2.89028336e-05,3.10953911e-01,4.47105658e-02,9.56557986e+01,1.76014434e+00,8.18705109e+04,-1.77338308e-01
7.00000000e-01,8.57200000e+03,1.85000000e+00,-3.28813010e-05,3.10953911e-01,4.47105658e-02,9.56557986e+01,1.76014434e+00,8.18705109e+04,-1.77338308e-01
7.10000000e-01,8.57200000e+03,1.85000000e+00,-3.70774927e-05,3.10953911e-01,4.47105658e-02,9.56557986e+01,1.76014434e+00,8.18705109e+04,-1.77338308e-01
7.20000000e-01,8.57200000e+03,1.85000000e+00,-4.14827337e-05,3.10953911e-01,4.47105658e-02,9.56557986e+01,1.76014434e+00,8.18705109e+04,-1.77338308e-01
7.30000000e-01,8.57200000e+03,1.85000000e+00,-4.60886957e-05,3.10953911e-01,4.47105658e-02,9.56557986e+01,1.76014434e+00,8.18705109e+04,-1.77338308e-01
7.40000000e-01,8.57200000e+03,1.85000000e+00,-5.08873470e-05,3.10953911e-01,4.47105658e-02,9.56557986e+01,1.76014434e+00,8.18705109e+04,-1.77338308e-01
7.50000000e-01,8.57200000e+03,1.85000000e+00,-5.58709164e-05,3.10953911e-01,4.47105658e-02,9.56557986e+01,1.76014434e+00,8.18705109e+04,-1.77338308e-01
7.60000000e-01,8.57200000e+03,1.85000000e+00,-6.10318700e-05,3.10953911e-01,4.47105658e-02,9.56557986e+01,1.76014434e+00,8.18705109e+04,-1.77338308e-01
7.70000000e-01,8.57200000e+03,1.85000000e+00,-6.63628976e-05,3.10953911e-01,4.47105658e-02,9.56557986e+01,1.76014434e+00,8.18705109e+04,-1.77338308e-01
7.80000000e-01,8.57200000e+03,1.85000000e+00,-7.18569047e-05,3.10953911e-01,4.47105658e-02,9.56557986e+01,1.76014434e+00,8.18705109e+04,-1.77338308e-01
7.90000000e-01,8.57200000e+03,1.85000000e+00,-7.75070091e-05,3.10953911e-01,4.47105658e-02,9.56557986e+01,1.76014434e+00,8.18705109e+04,-1.77338308e-01
8.00000000e-01,8.57200000e+03,1.85000000e+00,-8.33065396e-05,3.10953911e-01,4.47105658e-02,9.56557986e+01,1.76014434e+00,8.18705109e+04,-1.77338308e-01
8.10000000e-01,8.57200000e+03,1.85000000e+00,-8.92490359e-05,3.10953911e-01,4.47105658e-02,9.56557986e+01,1.76014434e+00,8.18705109e+04,-1.77338308e-01
8.20000000e-01,8.57200000e+03,1.85000000e+00,-9.53282487e-05,3.10953911e-01,4.47105658e-02,9.56557986e+01,1.76014434e+00,8.18705109e+04,-1.77338308e-01
8.30000000e-01,8.57200000e+03,1.85000000e+00,-1.01538140e-04,3.10953911e-01,4.47105658e-02,9.56557986e+01,1.76014434e+00,8.18705109e+04,-1.77338308e-01
8.40000000e-01,8.57200000e+03,1.85000000e+00,-1.07872881e-04,3.10953911e-01,4.47105658e-02,9.56557986e+01,1.76014434e+00,8.18705109e+04,-1.77338308e-01
8.50000000e-01,8.57200000e+03,1.85000000e+00,-1.14326853e-04,3.10953911e-01,4.47105658e-02,9.56557986e+01,1.76014434e+00,8.18705109e+04,-1.77338308e-01
8.60000000e-01,8.57200000e+03,1.85000000e+00,-1.20894644e-04,3.10953911e-01,4.47105658e-02,9.56557986e+01,1.76014434e+00,8.18705109e+04,-1.77338308e-01
8.70000000e-01,8.57200000e+03,1.85000000e+00,-1.27571047e-04,3.10953911e-01,4.47105658e-02,9.56557986e+01,1.76014434e+00,8.18705109e+04,-1.77338308e-01
8.80000000e-01,8.57200000e+03,1.85000000e+00,-1.34351054e-04,3.10953911e-01,4.47105658e-02,9.56557986e+01,1.76014434e+00,8.18705109e+04,-1.77338308e-01
8.90000000e-01,8.57200000e+03,1.85000000e+00,-1.41229855e-04,3.10953911e-01,4.47105658e-02,9.56557986e+01,1.76014434e+00,8.18705109e+04,-1.77338308e-01
9.00000000e-01,8.57200000e+03,1.85000000e+00,-1.48202831e-04,3.10953911e-01,4.47105658e-02,9.56557986e+01,1.76014434e+00,8.18705109e+04,-1.77338308e-01
9.10000000e-01,8.57200000e+03,1.85000000e+00,-1.55265552e-04,3.10953911e-01,4.47105658e-02,9.56557986e+01,1.76014434e+00,8.18705109e+04,-1.77338308e-01
9.20000000e-01,8.57200000e+03,1.85000000e+00,-1.62413768e-04,3.10953911e-01,4.47105658e-02,9.56557986e+01,1.76014434e+00,8.18705109e+04,-1.77338308e-01
9.30000000e-01,8.57200000e+03,1.85000000e+00,-1.69643406e-04,3.10953911e-01,4.47105658e-02,9.56557986e+01,1.76014434e+00,8.18705109e+04,-1.77338308e-01
9.40000000e-01,8.57200000e+03,1.85000000e+00,-1.76950564e-04,3.10953911e-01,4.47105658e-02,9.56557986e+01,1.76014434e+00,8.18705109e+04,-1.77338308e-01
9.50000000e-01,8.57200000e+03,1.85000000e+00,-1.84331504e-04,3.10953911e-01,4.47105658e-02,9.56557986e+01,1.76014434e+00,8.18705109e+04,-1.77338308e-01
9.60000000e-01,8.57200000e+03,1.85000000e+00,-1.91782645e-04,3.10953911e-01,4.47105658e-02,9.56557986e+01,1.76014434e+00,8.18705109e+04,-1.77338308e-01
9.70000000e-01,8.57200000e+03,1.85000000e+00,-1.99300560e-04,3.10953911e-01,4.47105658e-02,9.56557986e+01,1.76014434e+00,8.18705109e+04,-1.77338308e-01
9.80000000e-01,8.57200000e+03,1.85000000e+00,-2.06881966e-04,3.10953911e-01,4.47105658e-02,9.56557986e+01,1.76014434e+00,8.18705109e+04,-1.77338308e-01
9.90000000e-01,8.57200000e+03,1.85000000e+00,-2.14523726e-04,3.10953911e-01,4.47105658e-02,9.56557986e+01,1.76014434e+00,8.18705109e+04,-1.77338308e-01
1.00000000e+00,8.57200000e+03,1.85000000e+00,-2.22222835e-04,3.10953911e-01,4.47105658e-02,9.56557986e+01,1.76014434e+00,8.18705109e+04,-1.77338308e-01
1.01000000e+00,8.57200000e+03,1.85000000e+00,-2.29976419e-04,3.10953911e-01,4.47105658e-02,9.56557986e+01,1.76014434e+00,8.18705109e+04,-1.77338308e-01
1.02000000e+00,8.57200000e+03,1.85000000e+00,-2.37781726e-04,3.10953911e-01,4.47105658e-02,9.56557986e+01,1.76014434e+00,8.18705109e+04,-1.77338308e-01
1.03000000e+00,8.57200000e+03,1.85000000e+00,-2.45636125e-04,3.10953911e-01,4.47105658e-02,9.56557986e+01,1.76014434e+00,8.18705109e+04,-1.77338308e-01
1.04000000e+00,8.57200000e+03,1.85000000e+00,-2.53537097e-04,3.10953911e-01,4.47105658e-02,9.56557986e+01,1.76014434e+00,8.18705109e+04,-1.77338308e-01
1.05000000e+00,8.57200000e+03,1.85000000e+00,-2.61482233e-04,3.10953911e-01,4.47105658e-02,9.56557986e+01,1.76014434e+00,8.18705109e+04,-1.77338308e-01
1.06000000e+00,8.57200000e+03,1.85000000e+00,-2.69469225e-04,3.10953911e-01,4.47105658e-02,9.56557986e+01,1.76014434e+00,8.18705109e+04,-1.77338308e-01
1.07000000e+00,8.57200000e+03,1.85000000e+00,-2.77495867e-04,3.10953911e-01,4.47105658e-02,9.56557986e+01,1.76014434e+00,8.18705109e+04,-1.77338308e-01
1.08000000e+00,8.57200000e+03,1.85000000e+00,-2.85560044e-04,3.10953911e-01,4.47105658e-02,9.56557986e+01,1.76014434e+00,8.18705109e+04,-1.77338308e-01
1.09000000e+00,8.57200000e+03,1.85000000e+00,-2.93659735e-04,3.10953911e-01,4.47105658e-02,9.56557986e+01,1.76014434e+00,8.18705109e+04,-1.77338308e-01
1.10000000e+00,8.57200000e+03,1.85000000e+00,-3.01793002e-04,3.10953911e-01,4.47105658e-02,9.56557986e+01,1.76014434e+00,8.18705109e+04,-1.77338308e-01
1.11000000e+00,8.57200000e+03,1.85000000e+00,-3.09957990e-04,3.10953911e-01,4.47105658e-02,9.56557986e+01,1.76014434e+00,8.18705109e+04,-1.77338308e-01
1.12000000e+00,8.57200000e+03,1.85000000e+00,-3.18152924e-04,3.10953911e-01,4.47105658e-02,9.56557986e+01,1.76014434e+00,8.18705109e+04,-1.77338308e-01
1.13000000e+00,8.57200000e+03,1.85000000e+00,-3.26376101e-04,3.10953911e-01,4.47105658e-02,9.56557986e+01,1.76014434e+00,8.18705109e+04,-1.77338308e-01
1.14000000e+00,8.57200000e+03,1.85000000e+00,-3.34625891e-04,3.10953911e-01,4.47105658e-02,9.56557986e+01,1.76014434e+00,8.18705109e+04,-1.77338308e-01
1.15000000e+00,8.57200000e+03,1.85000000e+00,-3.42900732e-04,3.10953911e-01,4.47105658e-02,9.56557986e+01,1.76014434e+00,8.18705109e+04,-1.77338308e-01
1.16000000e+00,8.57200000e+03,1.85000000e+00,-3.51199126e-04,3.10953911e-01,4.47105658e-02,9.56557986e+01,1.76014434e+00,8.18705109e+04,-1.77338308e-01
1.17000000e+00,8.57200000e+03,1.85000000e+00,-3.59519640e-04,3.10953911e-01,4.47105658e-02,9.56557986e+01,1.76014434e+00,8.18705109e+04,-1.77338308e-01
1.18000000e+00,8.57200000e+03,1.85000000e+00,-3.67860895e-04,3.10953911e-01,4.47105658e-02,9.56557986e+01,1.76014434e+00,8.18705109e+04,-1.77338308e-01
1.19000000e+00,8.57200000e+03,1.85000000e+00,-3.76221574e-04,3.10953911e-01,4.47105658e-02,9.56557986e+01,1.76014434e+00,8.18705109e+04,-1.77338308e-01
1.20000000e+00,8.57200000e+03,1.85000000e+00,-3.84600409e-04,3.10953911e-01,4.47105658e-02,9.56557986e+01,1.76014434e+00,8.18705109e+04,-1.77338308e-01
1.21000000e+00,8.57200000e+03,1.85000000e+00,-3.92996186e-04,3.10953911e-01,4.47105658e-02,9.56557986e+01,1.76014434e+00,8.18705109e+04,-1.77338308e-01
1.22000000e+00,8.57200000e+03,1.85000000e+00,-4.01407741e-04,3.10953911e-01,4.47105658e-02,9.56557986e+01,1.76014434e+00,8.18705109e+04,-1.77338308e-01
1.23000000e+00,8.57200000e+03,1.85000000e+00,-4.09833955e-04,3.10953911e-01,4.47105658e-02,9.56557986e+01,1.76014434e+00,8.18705109e+04,-1.77338308e-01
1.24000000e+00,8.57200000e+03,1.85000000e+00,-4.18273754e-04,3.10953911e-01,4.47105658e-02,9.56557986e+01,1.76014434e+00,8.18705109e+04,-1.77338308e-01
1.25000000e+00,8.57200000e+03,1.85000000e+00,-4.26726108e-04,3.10953911e-01,4.47105658e-02,9.56557986e+01,1.76014434e+00,8.18705109e+04,-1.77338308e-01
1.26000000e+00,8.57200000e+03,1.85000000e+00,-4.35190026e-04,3.10953911e-01,4.47105658e-02,9.56557986e+01,1.76014434e+00,8.18705109e+04,-1.77338308e-01
1.27000000e+00,8.57200000e+03,1.85000000e+00,-4.43664559e-04,3.10953911e-01,4.47105658e-02,9.56557986e+01,1.76014434e+00,8.18705109e+04,-1.77338308e-01
1.28000000e+00,8.57200000e+03,1.85000000e+00,-4.52148793e-04,3.10953911e-01,4.47105658e-02,9.56557986e+01,1.76014434e+00,8.18705109e+04,-1.77338308e-01
1.29000000e+00,8.57200000e+03,1.85000000e+00,-4.60641850e-04,3.10953911e-01,4.47105658e-02,9.56557986e+01,1.76014434e+00,8.18705109e+04,-1.77338308e-01
1.30000000e+00,8.57200000e+03,1.85000000e+00,-4.69142887e-04,3.10953911e-01,4.47105658e-02,9.56557986e+01,1.76014434e+00,8.18705109e+04,-1.77338308e-01
1.31000000e+00,8.57200000e+03,1.85000000e+00,-4.77651093e-04,3.10953911e-01,4.47105658e-02,9.56557986e+01,1.76014434e+00,8.18705109e+04,-1.77338308e-01
1.32000000e+00,8.57200000e+03,1.85000000e+00,-4.86165689e-04,3.10953911e-01,4.47105658e-02,9.56557986e+01,1.76014434e+00,8.18705109e+04,-1.77338308e-01
1.33000000e+00,8.57200000e+03,1.85000000e+00,-4.94685926e-04,3.10953911e-01,4.47105658e-02,9.56557986e+01,1.76014434e+00,8.18705109e+04,-1.77338308e-01
1.34000000e+00,8.57200000e+03,1.85000000e+00,-5.03211082e-04,3.10953911e-01,4.47105658e-02,9.56557986e+01,1.76014434e+00,8.18705109e+04,-1.77338308e-01
1.35000000e+00,8.57200000e+03,1.85000000e+00,-5.11740465e-04,3.10953911e-01,4.47105658e-02,9.56557986e+01,1.76014434e+00,8.18705109e+04,-1.77338308e-01
1.36000000e+00,8.57200000e+03,1.85000000e+00,-5.20273407e-04,3.10953911e-01,4.47105658e-02,9.56557986e+01,1.76014434e+00,8.18705109e+04,-1.77338308e-01
1.37000000e+00,8.57200000e+03,1.85000000e+00,-5.28809267e-04,3.10953911e-01,4.47105658e-02,9.56557986e+01,1.76014434e+00,8.18705109e+04,-1.77338308e-01
1.38000000e+00,8.57200000e+03,1.85000000e+00,-5.37347426e-04,3.10953911e-01,4.47105658e-02,9.56557986e+01,1.76014434e+00,8.18705109e+04,-1.77338308e-01
1.39000000e+00,8.57200000e+03,1.85000000e+00,-5.45887291e-04,3.10953911e-01,4.47105658e-02,9.56557986e+01,1.76014434e+00,8.18705109e+04,-1.77338308e-01
1.40000000e+00,8.57200000e+03,1.85000000e+00,-5.54428289e-04,3.10953911e-01,4.47105658e-02,9.56557986e+01,1.76014434e+00,8.18705109e+04,-1.77338308e-01
1.41000000e+00,8.57200000e+03,1.85000000e+00,-5.62969868e-04,3.10953911e-01,4.47105658e-02,9.56557986e+01,1.76014434e+00,8.18705109e+04,-1.77338308e-01
1.42000000e+00,8.57200000e+03,1.85000000e+00,-5.71511499e-04,3.10953911e-01,4.47105658e-02,9.56557986e+01,1.76014434e+00,8.18705109e+04,-1.77338308e-01
1.43000000e+00,8.57200000e+03,1.85000000e+00,-5.80052670e-04,3.10953911e-01,4.47105658e-02,9.56557986e+01,1.76014434e+00,8.18705109e+04,-1.77338308e-01
1.44000000e+00,8.57200000e+03,1.85000000e+00,-5.88592889e-04,3.10953911e-01,4.47105658e-02,9.56557986e+01,1.76014434e+00,8.18705109e+04,-1.77338308e-01
1.45000000e+00,8.57200000e+03,1.85000000e+00,-5.97131681e-04,3.10953911e-01,4.47105658e-02,9.56557986e+01,1.76014434e+00,8.18705109e+04,-1.77338308e-01
1.46000000e+00,8.57200000e+03,1.85000000e+00,-6.05668590e-04,3.10953911e-01,4.47105658e-02,9.56557986e+01,1.76014434e+00,8.18705109e+04,-1.77338308e-01
1.47000000e+00,8.57200000e+03,1.85000000e+00,-6.14203175e-04,3.10953911e-01,4.47105658e-02,9.56557986e+01,1.76014434e+00,8.18705109e+04,-1.77338308e-01
1.48000000e+00,8.57200000e+03,1.85000000e+00,-6.22735011e-04,3.10953911e-01,4.47105658e-02,9.56557986e+01,1.76014434e+00,8.18705109e+04,-1.77338308e-01
1.49000000e+00,8.57200000e+03,1.85000000e+00,-6.31263690e-04,3.10953911e-01,4.47105658e-02,9.56557986e+01,1.76014434e+00,8.18705109e+04,-1.77338308e-01
1.50000000e+00,8.57200000e+03,1.85000000e+00,-6.39788816e-04,3.10953911e-01,4.47105658e-02,9.56557986e+01,1.76014434e+00,8.18705109e+04,-1.77338308e-01
1.51000000e+00,8.57200000e+03,1.85000000e+00,-6.48310011e-04,3.10953911e-01,4.47105658e-02,9.56557986e+01,1.76014434e+00,8.18705109e+04,-1.77338308e-01
1.52000000e+00,8.57200000e+03,1.85000000e+00,-6.56826907e-04,3.10953911e-01,4.47105658e-02,9.56557986e+01,1.76014434e+00,8.18705109e+04,-1.77338308e-01
1.53000000e+00,8.57200000e+03,1.85000000e+00,-6.65339150e-04,3.10953911e-01,4.47105658e-02,9.56557986e+01,1.76014434e+00,8.18705109e+04,-1.77338308e-01
1.54000000e+00,8.57200000e+03,1.85000000e+00,-6.73846400e-04,3.10953911e-01,4.47105658e-02,9.56557986e+01,1.76014434e+00,8.18705109e+04,-1.77338308e-01
1.55000000e+00,8.57200000e+03,1.85000000e+00,-6.82348327e-04,3.10953911e-01,4.47105658e-02,9.56557986e+01,1.76014434e+00,8.18705109e+04,-1.77338308e-01
1.56000000e+00,8.57200000e+03,1.85000000e+00,-6.90844614e-04,3.10953911e-01,4.47105658e-02,9.56557986e+01,1.76014434e+00,8.18705109e+04,-1.77338308e-01
1.57000000e+00,8.57200000e+03,1.85000000e+00,-6.99334955e-04,3.10953911e-01,4.47105658e-02,9.56557986e+01,1.76014434e+00,8.18705109e+04,-1.77338308e-01
1.58000000e+00,8.57200000e+03,1.85000000e+00,-7.07819055e-04,3.10953911e-01,4.47105658e-02,9.56557986e+01,1.76014434e+00,8.18705109e+04,-1.77338308e-01
1.59000000e+00,8.57200000e+03,1.85000000e+00,-7.16296628e-04,3.10953911e-01,4.47105658e-02,9.56557986e+01,1.76014434e+00,8.18705109e+04,-1.77338308e-01
1.60000000e+00,8.57200000e+03,1.85000000e+00,-7.24767400e-04,3.10953911e-01,4.47105658e-02,9.56557986e+01,1.76014434e+00,8.18705109e+04,-1.77338308e-01
1.61000000e+00,8.57200000e+03,1.85000000e+00,-7.33231104e-04,3.10953911e-01,4.47105658e-02,9.56557986e+01,1.76014434e+00,8.18705109e+04,-1.77338308e-01
1.62000000e+00,8.57200000e+03,1.85000000e+00,-7.41687484e-04,3.10953911e-01,4.47105658e-02,9.56557986e+01,1.76014434e+00,8.18705109e+04,-1.77338308e-01
1.63000000e+00,8.57200000e+03,1.85000000e+00,-7.50136294e-04,3.10953911e-01,4.47105658e-02,9.56557986e+01,1.76014434e+00,8.18705109e+04,-1.77338308e-01
1.64000000e+00,8.57200000e+03,1.85000000e+00,-7.58577293e-04,3.10953911e-01,4.47105658e-02,9.56557986e+01,1.76014434e+00,8.18705109e+04,-1.77338308e-01
1.65000000e+00,8.57200000e+03,1.85000000e+00,-7.67010252e-04,3.10953911e-01,4.47105658e-02,9.56557986e+01,1.76014434e+00,8.18705109e+04,-1.77338308e-01
1.66000000e+00,8.57200000e+03,1.85000000e+00,-7.75434947e-04,3.10953911e-01,4.47105658e-02,9.56557986e+01,1.76014434e+00,8.18705109e+04,-1.77338308e-01
1.67000000e+00,8.57200000e+03,1.85000000e+00,-7.83851163e-04,3.10953911e-01,4.47105658e-02,9.56557986e+01,1.76014434e+00,8.18705109e+04,-1.77338308e-01
1.68000000e+00,8.57200000e+03,1.85000000e+00,-7.92258693e-04,3.10953911e-01,4.47105658e-02,9.56557986e+01,1.76014434e+00,8.18705109e+04,-1.77338308e-01
1.69000000e+00,8.57200000e+03,1.85000000e+00,-8.00657335e-04,3.10953911e-01,4.47105658e-02,9.56557986e+01,1.76014434e+00,8.18705109e+04,-1.77338308e-01
1.70000000e+00,8.57200000e+03,1.85000000e+00,-8.09046896e-04,3.10953911e-01,4.47105658e-02,9.56557986e+01,1.76014434e+00,8.18705109e+04,-1.77338308e-01
1.71000000e+00,8.57200000e+03,1.85000000e+00,-8.17427189e-04,3.10953911e-01,4.47105658e-02,9.56557986e+01,1.76014434e+00,8.18705109e+04,-1.77338308e-01
1.72000000e+00,8.57200000e+03,1.85000000e+00,-8.25798032e-04,3.10953911e-01,4.47105658e-02,9.56557986e+01,1.76014434e+00,8.18705109e+04,-1.77338308e-01
1.73000000e+00,8.57200000e+03,1.85000000e+00,-8.34159251e-04,3.10953911e-01,4.47105658e-02,9.56557986e+01,1.76014434e+00,8.18705109e+04,-1.77338308e-01
1.74000000e+00,8.57200000e+03,1.85000000e+00,-8.42510677e-04,3.10953911e-01,4.47105658e-02,9.56557986e+01,1.76014434e+00,8.18705109e+04,-1.77338308e-01
1.75000000e+00,8.57200000e+03,1.85000000e+00,-8.50852145e-04,3.10953911e-01,4.47105658e-02,9.56557986e+01,1.76014434e+00,8.18705109e+04,-1.77338308e-01
1.76000000e+00,8.57200000e+03,1.85000000e+00,-8.59183499e-04,3.10953911e-01,4.47105658e-02,9.56557986e+01,1.76014434e+00,8.18705109e+04,-1.77338308e-01
1.77000000e+00,8.57200000e+03,1.85000000e+00,-8.67504585e-04,3.10953911e-01,4.47105658e-02,9.56557986e+01,1.76014434e+00,8.18705109e+04,-1.77338308e-01
1.78000000e+00,8.57200000e+03,1.85000000e+00,-8.75815256e-04,3.10953911e-01,4.47105658e-02,9.56557986e+01,1.76014434e+00,8.18705109e+04,-1.77338308e-01
1.79000000e+00,8.57200000e+03,1.85000000e+00,-8.84115370e-04,3.10953911e-01,4.47105658e-02,9.56557986e+01,1.76014434e+00,8.18705109e+04,-1.77338308e-01
1.80000000e+00,8.57200000e+03,1.85000000e+00,-8.92404788e-04,3.10953911e-01,4.47105658e-02,9.56557986e+01,1.76014434e+00,8.18705109e+04,-1.77338308e-01
1.81000000e+00,8.57200000e+03,1.85000000e+00,-9.00683377e-04,3.10953911e-01,4.47105658e-02,9.56557986e+01,1.76014434e+00,8.18705109e+04,-1.77338308e-01
1.82000000e+00,8.57200000e+03,1.85000000e+00,-9.08951008e-04,3.10953911e-01,4.47105658e-02,9.56557986e+01,1.76014434e+00,8.18705109e+04,-1.77338308e-01
1.83000000e+00,8.57200000e+03,1.85000000e+00,-9.17207556e-04,3.10953911e-01,4.47105658e-02,9.56557986e+01,1.76014434e+00,8.18705109e+04,-1.77338308e-01
1.84000000e+00,8.57200000e+03,1.85000000e+00,-9.25452901e-04,3.10953911e-01,4.47105658e-02,9.56557986e+01,1.76014434e+00,8.18705109e+04,-1.77338308e-01
1.85000000e+00,8.57200000e+03,1.85000000e+00,-9.33686925e-04,3.10953911e-01,4.47105658e-02,9.56557986e+01,1.76014434e+00,8.18705109e+04,-1.77338308e-01
