vSweep,run_num,vd,id,vth0,u0,rdsw,nfactor,vsat,eta0
0.00000000e+00,2.86700000e+03,0.00000000e+00,-1.85137883e-12,2.91610516e-01,4.44294710e-02,1.00279000e+02,1.13110000e+01,1.37848000e+05,-1.91127000e-01
1.00000000e-02,2.86700000e+03,1.00000000e-02,-1.85138059e-12,2.91610516e-01,4.44294710e-02,1.00279000e+02,1.13110000e+01,1.37848000e+05,-1.91127000e-01
2.00000000e-02,2.86700000e+03,2.00000000e-02,-1.85138474e-12,2.91610516e-01,4.44294710e-02,1.00279000e+02,1.13110000e+01,1.37848000e+05,-1.91127000e-01
3.00000000e-02,2.86700000e+03,3.00000000e-02,-1.85139065e-12,2.91610516e-01,4.44294710e-02,1.00279000e+02,1.13110000e+01,1.37848000e+05,-1.91127000e-01
4.00000000e-02,2.86700000e+03,4.00000000e-02,-1.85140023e-12,2.91610516e-01,4.44294710e-02,1.00279000e+02,1.13110000e+01,1.37848000e+05,-1.91127000e-01
5.00000000e-02,2.86700000e+03,5.00000000e-02,-1.85141576e-12,2.91610516e-01,4.44294710e-02,1.00279000e+02,1.13110000e+01,1.37848000e+05,-1.91127000e-01
6.00000000e-02,2.86700000e+03,6.00000000e-02,-1.85144090e-12,2.91610516e-01,4.44294710e-02,1.00279000e+02,1.13110000e+01,1.37848000e+05,-1.91127000e-01
7.00000000e-02,2.86700000e+03,7.00000000e-02,-1.85148164e-12,2.91610516e-01,4.44294710e-02,1.00279000e+02,1.13110000e+01,1.37848000e+05,-1.91127000e-01
8.00000000e-02,2.86700000e+03,8.00000000e-02,-1.85154764e-12,2.91610516e-01,4.44294710e-02,1.00279000e+02,1.13110000e+01,1.37848000e+05,-1.91127000e-01
9.00000000e-02,2.86700000e+03,9.00000000e-02,-1.85165457e-12,2.91610516e-01,4.44294710e-02,1.00279000e+02,1.13110000e+01,1.37848000e+05,-1.91127000e-01
1.00000000e-01,2.86700000e+03,1.00000000e-01,-1.85182779e-12,2.91610516e-01,4.44294710e-02,1.00279000e+02,1.13110000e+01,1.37848000e+05,-1.91127000e-01
1.10000000e-01,2.86700000e+03,1.10000000e-01,-1.85210842e-12,2.91610516e-01,4.44294710e-02,1.00279000e+02,1.13110000e+01,1.37848000e+05,-1.91127000e-01
1.20000000e-01,2.86700000e+03,1.20000000e-01,-1.85256305e-12,2.91610516e-01,4.44294710e-02,1.00279000e+02,1.13110000e+01,1.37848000e+05,-1.91127000e-01
1.30000000e-01,2.86700000e+03,1.30000000e-01,-1.85329957e-12,2.91610516e-01,4.44294710e-02,1.00279000e+02,1.13110000e+01,1.37848000e+05,-1.91127000e-01
1.40000000e-01,2.86700000e+03,1.40000000e-01,-1.85449275e-12,2.91610516e-01,4.44294710e-02,1.00279000e+02,1.13110000e+01,1.37848000e+05,-1.91127000e-01
1.50000000e-01,2.86700000e+03,1.50000000e-01,-1.85642574e-12,2.91610516e-01,4.44294710e-02,1.00279000e+02,1.13110000e+01,1.37848000e+05,-1.91127000e-01
1.60000000e-01,2.86700000e+03,1.60000000e-01,-1.85955721e-12,2.91610516e-01,4.44294710e-02,1.00279000e+02,1.13110000e+01,1.37848000e+05,-1.91127000e-01
1.70000000e-01,2.86700000e+03,1.70000000e-01,-1.86463019e-12,2.91610516e-01,4.44294710e-02,1.00279000e+02,1.13110000e+01,1.37848000e+05,-1.91127000e-01
1.80000000e-01,2.86700000e+03,1.80000000e-01,-1.87284836e-12,2.91610516e-01,4.44294710e-02,1.00279000e+02,1.13110000e+01,1.37848000e+05,-1.91127000e-01
1.90000000e-01,2.86700000e+03,1.90000000e-01,-1.88616152e-12,2.91610516e-01,4.44294710e-02,1.00279000e+02,1.13110000e+01,1.37848000e+05,-1.91127000e-01
2.00000000e-01,2.86700000e+03,2.00000000e-01,-1.90772805e-12,2.91610516e-01,4.44294710e-02,1.00279000e+02,1.13110000e+01,1.37848000e+05,-1.91127000e-01
2.10000000e-01,2.86700000e+03,2.10000000e-01,-1.94266385e-12,2.91610516e-01,4.44294710e-02,1.00279000e+02,1.13110000e+01,1.37848000e+05,-1.91127000e-01
2.20000000e-01,2.86700000e+03,2.20000000e-01,-1.99925518e-12,2.91610516e-01,4.44294710e-02,1.00279000e+02,1.13110000e+01,1.37848000e+05,-1.91127000e-01
2.30000000e-01,2.86700000e+03,2.30000000e-01,-2.09092260e-12,2.91610516e-01,4.44294710e-02,1.00279000e+02,1.13110000e+01,1.37848000e+05,-1.91127000e-01
2.40000000e-01,2.86700000e+03,2.40000000e-01,-2.23940059e-12,2.91610516e-01,4.44294710e-02,1.00279000e+02,1.13110000e+01,1.37848000e+05,-1.91127000e-01
2.50000000e-01,2.86700000e+03,2.50000000e-01,-2.47988461e-12,2.91610516e-01,4.44294710e-02,1.00279000e+02,1.13110000e+01,1.37848000e+05,-1.91127000e-01
2.60000000e-01,2.86700000e+03,2.60000000e-01,-2.86936107e-12,2.91610516e-01,4.44294710e-02,1.00279000e+02,1.13110000e+01,1.37848000e+05,-1.91127000e-01
2.70000000e-01,2.86700000e+03,2.70000000e-01,-3.50008475e-12,2.91610516e-01,4.44294710e-02,1.00279000e+02,1.13110000e+01,1.37848000e+05,-1.91127000e-01
2.80000000e-01,2.86700000e+03,2.80000000e-01,-4.52137672e-12,2.91610516e-01,4.44294710e-02,1.00279000e+02,1.13110000e+01,1.37848000e+05,-1.91127000e-01
2.90000000e-01,2.86700000e+03,2.90000000e-01,-6.17486377e-12,2.91610516e-01,4.44294710e-02,1.00279000e+02,1.13110000e+01,1.37848000e+05,-1.91127000e-01
3.00000000e-01,2.86700000e+03,3.00000000e-01,-8.85141507e-12,2.91610516e-01,4.44294710e-02,1.00279000e+02,1.13110000e+01,1.37848000e+05,-1.91127000e-01
3.10000000e-01,2.86700000e+03,3.10000000e-01,-1.31830685e-11,2.91610516e-01,4.44294710e-02,1.00279000e+02,1.13110000e+01,1.37848000e+05,-1.91127000e-01
3.20000000e-01,2.86700000e+03,3.20000000e-01,-2.01913120e-11,2.91610516e-01,4.44294710e-02,1.00279000e+02,1.13110000e+01,1.37848000e+05,-1.91127000e-01
3.30000000e-01,2.86700000e+03,3.30000000e-01,-3.15259885e-11,2.91610516e-01,4.44294710e-02,1.00279000e+02,1.13110000e+01,1.37848000e+05,-1.91127000e-01
3.40000000e-01,2.86700000e+03,3.40000000e-01,-4.98496406e-11,2.91610516e-01,4.44294710e-02,1.00279000e+02,1.13110000e+01,1.37848000e+05,-1.91127000e-01
3.50000000e-01,2.86700000e+03,3.50000000e-01,-7.94546790e-11,2.91610516e-01,4.44294710e-02,1.00279000e+02,1.13110000e+01,1.37848000e+05,-1.91127000e-01
3.60000000e-01,2.86700000e+03,3.60000000e-01,-1.27252077e-10,2.91610516e-01,4.44294710e-02,1.00279000e+02,1.13110000e+01,1.37848000e+05,-1.91127000e-01
3.70000000e-01,2.86700000e+03,3.70000000e-01,-2.04350553e-10,2.91610516e-01,4.44294710e-02,1.00279000e+02,1.13110000e+01,1.37848000e+05,-1.91127000e-01
3.80000000e-01,2.86700000e+03,3.80000000e-01,-3.28569533e-10,2.91610516e-01,4.44294710e-02,1.00279000e+02,1.13110000e+01,1.37848000e+05,-1.91127000e-01
3.90000000e-01,2.86700000e+03,3.90000000e-01,-5.28419534e-10,2.91610516e-01,4.44294710e-02,1.00279000e+02,1.13110000e+01,1.37848000e+05,-1.91127000e-01
4.00000000e-01,2.86700000e+03,4.00000000e-01,-8.49370686e-10,2.91610516e-01,4.44294710e-02,1.00279000e+02,1.13110000e+01,1.37848000e+05,-1.91127000e-01
4.10000000e-01,2.86700000e+03,4.10000000e-01,-1.36365507e-09,2.91610516e-01,4.44294710e-02,1.00279000e+02,1.13110000e+01,1.37848000e+05,-1.91127000e-01
4.20000000e-01,2.86700000e+03,4.20000000e-01,-2.18546370e-09,2.91610516e-01,4.44294710e-02,1.00279000e+02,1.13110000e+01,1.37848000e+05,-1.91127000e-01
4.30000000e-01,2.86700000e+03,4.30000000e-01,-3.49426531e-09,2.91610516e-01,4.44294710e-02,1.00279000e+02,1.13110000e+01,1.37848000e+05,-1.91127000e-01
4.40000000e-01,2.86700000e+03,4.40000000e-01,-5.57015839e-09,2.91610516e-01,4.44294710e-02,1.00279000e+02,1.13110000e+01,1.37848000e+05,-1.91127000e-01
4.50000000e-01,2.86700000e+03,4.50000000e-01,-8.84673680e-09,2.91610516e-01,4.44294710e-02,1.00279000e+02,1.13110000e+01,1.37848000e+05,-1.91127000e-01
4.60000000e-01,2.86700000e+03,4.60000000e-01,-1.39889828e-08,2.91610516e-01,4.44294710e-02,1.00279000e+02,1.13110000e+01,1.37848000e+05,-1.91127000e-01
4.70000000e-01,2.86700000e+03,4.70000000e-01,-2.20063350e-08,2.91610516e-01,4.44294710e-02,1.00279000e+02,1.13110000e+01,1.37848000e+05,-1.91127000e-01
4.80000000e-01,2.86700000e+03,4.80000000e-01,-3.44146146e-08,2.91610516e-01,4.44294710e-02,1.00279000e+02,1.13110000e+01,1.37848000e+05,-1.91127000e-01
4.90000000e-01,2.86700000e+03,4.90000000e-01,-5.34655281e-08,2.91610516e-01,4.44294710e-02,1.00279000e+02,1.13110000e+01,1.37848000e+05,-1.91127000e-01
5.00000000e-01,2.86700000e+03,5.00000000e-01,-8.24697465e-08,2.91610516e-01,4.44294710e-02,1.00279000e+02,1.13110000e+01,1.37848000e+05,-1.91127000e-01
5.10000000e-01,2.86700000e+03,5.10000000e-01,-1.26248917e-07,2.91610516e-01,4.44294710e-02,1.00279000e+02,1.13110000e+01,1.37848000e+05,-1.91127000e-01
5.20000000e-01,2.86700000e+03,5.20000000e-01,-1.91759201e-07,2.91610516e-01,4.44294710e-02,1.00279000e+02,1.13110000e+01,1.37848000e+05,-1.91127000e-01
5.30000000e-01,2.86700000e+03,5.30000000e-01,-2.88920972e-07,2.91610516e-01,4.44294710e-02,1.00279000e+02,1.13110000e+01,1.37848000e+05,-1.91127000e-01
5.40000000e-01,2.86700000e+03,5.40000000e-01,-4.31641896e-07,2.91610516e-01,4.44294710e-02,1.00279000e+02,1.13110000e+01,1.37848000e+05,-1.91127000e-01
5.50000000e-01,2.86700000e+03,5.50000000e-01,-6.38908818e-07,2.91610516e-01,4.44294710e-02,1.00279000e+02,1.13110000e+01,1.37848000e+05,-1.91127000e-01
5.60000000e-01,2.86700000e+03,5.60000000e-01,-9.35654104e-07,2.91610516e-01,4.44294710e-02,1.00279000e+02,1.13110000e+01,1.37848000e+05,-1.91127000e-01
5.70000000e-01,2.86700000e+03,5.70000000e-01,-1.35294869e-06,2.91610516e-01,4.44294710e-02,1.00279000e+02,1.13110000e+01,1.37848000e+05,-1.91127000e-01
5.80000000e-01,2.86700000e+03,5.80000000e-01,-1.92707273e-06,2.91610516e-01,4.44294710e-02,1.00279000e+02,1.13110000e+01,1.37848000e+05,-1.91127000e-01
5.90000000e-01,2.86700000e+03,5.90000000e-01,-2.69727088e-06,2.91610516e-01,4.44294710e-02,1.00279000e+02,1.13110000e+01,1.37848000e+05,-1.91127000e-01
6.00000000e-01,2.86700000e+03,6.00000000e-01,-3.70246369e-06,2.91610516e-01,4.44294710e-02,1.00279000e+02,1.13110000e+01,1.37848000e+05,-1.91127000e-01
6.10000000e-01,2.86700000e+03,6.10000000e-01,-4.97763171e-06,2.91610516e-01,4.44294710e-02,1.00279000e+02,1.13110000e+01,1.37848000e+05,-1.91127000e-01
6.20000000e-01,2.86700000e+03,6.20000000e-01,-6.55075504e-06,2.91610516e-01,4.44294710e-02,1.00279000e+02,1.13110000e+01,1.37848000e+05,-1.91127000e-01
6.30000000e-01,2.86700000e+03,6.30000000e-01,-8.44098525e-06,2.91610516e-01,4.44294710e-02,1.00279000e+02,1.13110000e+01,1.37848000e+05,-1.91127000e-01
6.40000000e-01,2.86700000e+03,6.40000000e-01,-1.06582825e-05,2.91610516e-01,4.44294710e-02,1.00279000e+02,1.13110000e+01,1.37848000e+05,-1.91127000e-01
6.50000000e-01,2.86700000e+03,6.50000000e-01,-1.32043103e-05,2.91610516e-01,4.44294710e-02,1.00279000e+02,1.13110000e+01,1.37848000e+05,-1.91127000e-01
6.60000000e-01,2.86700000e+03,6.60000000e-01,-1.60741212e-05,2.91610516e-01,4.44294710e-02,1.00279000e+02,1.13110000e+01,1.37848000e+05,-1.91127000e-01
6.70000000e-01,2.86700000e+03,6.70000000e-01,-1.92581261e-05,2.91610516e-01,4.44294710e-02,1.00279000e+02,1.13110000e+01,1.37848000e+05,-1.91127000e-01
6.80000000e-01,2.86700000e+03,6.80000000e-01,-2.27439532e-05,2.91610516e-01,4.44294710e-02,1.00279000e+02,1.13110000e+01,1.37848000e+05,-1.91127000e-01
6.90000000e-01,2.86700000e+03,6.90000000e-01,-2.65179697e-05,2.91610516e-01,4.44294710e-02,1.00279000e+02,1.13110000e+01,1.37848000e+05,-1.91127000e-01
7.00000000e-01,2.86700000e+03,7.00000000e-01,-3.05663852e-05,2.91610516e-01,4.44294710e-02,1.00279000e+02,1.13110000e+01,1.37848000e+05,-1.91127000e-01
7.10000000e-01,2.86700000e+03,7.10000000e-01,-3.48759622e-05,2.91610516e-01,4.44294710e-02,1.00279000e+02,1.13110000e+01,1.37848000e+05,-1.91127000e-01
7.20000000e-01,2.86700000e+03,7.20000000e-01,-3.94344038e-05,2.91610516e-01,4.44294710e-02,1.00279000e+02,1.13110000e+01,1.37848000e+05,-1.91127000e-01
7.30000000e-01,2.86700000e+03,7.30000000e-01,-4.42305091e-05,2.91610516e-01,4.44294710e-02,1.00279000e+02,1.13110000e+01,1.37848000e+05,-1.91127000e-01
7.40000000e-01,2.86700000e+03,7.40000000e-01,-4.92541727e-05,2.91610516e-01,4.44294710e-02,1.00279000e+02,1.13110000e+01,1.37848000e+05,-1.91127000e-01
7.50000000e-01,2.86700000e+03,7.50000000e-01,-5.44962968e-05,2.91610516e-01,4.44294710e-02,1.00279000e+02,1.13110000e+01,1.37848000e+05,-1.91127000e-01
7.60000000e-01,2.86700000e+03,7.60000000e-01,-5.99486577e-05,2.91610516e-01,4.44294710e-02,1.00279000e+02,1.13110000e+01,1.37848000e+05,-1.91127000e-01
7.70000000e-01,2.86700000e+03,7.70000000e-01,-6.56037616e-05,2.91610516e-01,4.44294710e-02,1.00279000e+02,1.13110000e+01,1.37848000e+05,-1.91127000e-01
7.80000000e-01,2.86700000e+03,7.80000000e-01,-7.14547046e-05,2.91610516e-01,4.44294710e-02,1.00279000e+02,1.13110000e+01,1.37848000e+05,-1.91127000e-01
7.90000000e-01,2.86700000e+03,7.90000000e-01,-7.74950490e-05,2.91610516e-01,4.44294710e-02,1.00279000e+02,1.13110000e+01,1.37848000e+05,-1.91127000e-01
8.00000000e-01,2.86700000e+03,8.00000000e-01,-8.37187198e-05,2.91610516e-01,4.44294710e-02,1.00279000e+02,1.13110000e+01,1.37848000e+05,-1.91127000e-01
8.10000000e-01,2.86700000e+03,8.10000000e-01,-9.01199203e-05,2.91610516e-01,4.44294710e-02,1.00279000e+02,1.13110000e+01,1.37848000e+05,-1.91127000e-01
8.20000000e-01,2.86700000e+03,8.20000000e-01,-9.66930679e-05,2.91610516e-01,4.44294710e-02,1.00279000e+02,1.13110000e+01,1.37848000e+05,-1.91127000e-01
8.30000000e-01,2.86700000e+03,8.30000000e-01,-1.03432745e-04,2.91610516e-01,4.44294710e-02,1.00279000e+02,1.13110000e+01,1.37848000e+05,-1.91127000e-01
8.40000000e-01,2.86700000e+03,8.40000000e-01,-1.10333666e-04,2.91610516e-01,4.44294710e-02,1.00279000e+02,1.13110000e+01,1.37848000e+05,-1.91127000e-01
8.50000000e-01,2.86700000e+03,8.50000000e-01,-1.17390649e-04,2.91610516e-01,4.44294710e-02,1.00279000e+02,1.13110000e+01,1.37848000e+05,-1.91127000e-01
8.60000000e-01,2.86700000e+03,8.60000000e-01,-1.24598609e-04,2.91610516e-01,4.44294710e-02,1.00279000e+02,1.13110000e+01,1.37848000e+05,-1.91127000e-01
8.70000000e-01,2.86700000e+03,8.70000000e-01,-1.31952539e-04,2.91610516e-01,4.44294710e-02,1.00279000e+02,1.13110000e+01,1.37848000e+05,-1.91127000e-01
8.80000000e-01,2.86700000e+03,8.80000000e-01,-1.39447515e-04,2.91610516e-01,4.44294710e-02,1.00279000e+02,1.13110000e+01,1.37848000e+05,-1.91127000e-01
8.90000000e-01,2.86700000e+03,8.90000000e-01,-1.47078690e-04,2.91610516e-01,4.44294710e-02,1.00279000e+02,1.13110000e+01,1.37848000e+05,-1.91127000e-01
9.00000000e-01,2.86700000e+03,9.00000000e-01,-1.54841297e-04,2.91610516e-01,4.44294710e-02,1.00279000e+02,1.13110000e+01,1.37848000e+05,-1.91127000e-01
9.10000000e-01,2.86700000e+03,9.10000000e-01,-1.62730651e-04,2.91610516e-01,4.44294710e-02,1.00279000e+02,1.13110000e+01,1.37848000e+05,-1.91127000e-01
9.20000000e-01,2.86700000e+03,9.20000000e-01,-1.70742156e-04,2.91610516e-01,4.44294710e-02,1.00279000e+02,1.13110000e+01,1.37848000e+05,-1.91127000e-01
9.30000000e-01,2.86700000e+03,9.30000000e-01,-1.78871305e-04,2.91610516e-01,4.44294710e-02,1.00279000e+02,1.13110000e+01,1.37848000e+05,-1.91127000e-01
9.40000000e-01,2.86700000e+03,9.40000000e-01,-1.87113683e-04,2.91610516e-01,4.44294710e-02,1.00279000e+02,1.13110000e+01,1.37848000e+05,-1.91127000e-01
9.50000000e-01,2.86700000e+03,9.50000000e-01,-1.95464976e-04,2.91610516e-01,4.44294710e-02,1.00279000e+02,1.13110000e+01,1.37848000e+05,-1.91127000e-01
9.60000000e-01,2.86700000e+03,9.60000000e-01,-2.03920969e-04,2.91610516e-01,4.44294710e-02,1.00279000e+02,1.13110000e+01,1.37848000e+05,-1.91127000e-01
9.70000000e-01,2.86700000e+03,9.70000000e-01,-2.12477544e-04,2.91610516e-01,4.44294710e-02,1.00279000e+02,1.13110000e+01,1.37848000e+05,-1.91127000e-01
9.80000000e-01,2.86700000e+03,9.80000000e-01,-2.21130694e-04,2.91610516e-01,4.44294710e-02,1.00279000e+02,1.13110000e+01,1.37848000e+05,-1.91127000e-01
9.90000000e-01,2.86700000e+03,9.90000000e-01,-2.29876516e-04,2.91610516e-01,4.44294710e-02,1.00279000e+02,1.13110000e+01,1.37848000e+05,-1.91127000e-01
1.00000000e+00,2.86700000e+03,1.00000000e+00,-2.38711213e-04,2.91610516e-01,4.44294710e-02,1.00279000e+02,1.13110000e+01,1.37848000e+05,-1.91127000e-01
1.01000000e+00,2.86700000e+03,1.01000000e+00,-2.47631098e-04,2.91610516e-01,4.44294710e-02,1.00279000e+02,1.13110000e+01,1.37848000e+05,-1.91127000e-01
1.02000000e+00,2.86700000e+03,1.02000000e+00,-2.56632586e-04,2.91610516e-01,4.44294710e-02,1.00279000e+02,1.13110000e+01,1.37848000e+05,-1.91127000e-01
1.03000000e+00,2.86700000e+03,1.03000000e+00,-2.65712202e-04,2.91610516e-01,4.44294710e-02,1.00279000e+02,1.13110000e+01,1.37848000e+05,-1.91127000e-01
1.04000000e+00,2.86700000e+03,1.04000000e+00,-2.74866575e-04,2.91610516e-01,4.44294710e-02,1.00279000e+02,1.13110000e+01,1.37848000e+05,-1.91127000e-01
1.05000000e+00,2.86700000e+03,1.05000000e+00,-2.84092436e-04,2.91610516e-01,4.44294710e-02,1.00279000e+02,1.13110000e+01,1.37848000e+05,-1.91127000e-01
1.06000000e+00,2.86700000e+03,1.06000000e+00,-2.93386620e-04,2.91610516e-01,4.44294710e-02,1.00279000e+02,1.13110000e+01,1.37848000e+05,-1.91127000e-01
1.07000000e+00,2.86700000e+03,1.07000000e+00,-3.02746061e-04,2.91610516e-01,4.44294710e-02,1.00279000e+02,1.13110000e+01,1.37848000e+05,-1.91127000e-01
1.08000000e+00,2.86700000e+03,1.08000000e+00,-3.12167793e-04,2.91610516e-01,4.44294710e-02,1.00279000e+02,1.13110000e+01,1.37848000e+05,-1.91127000e-01
1.09000000e+00,2.86700000e+03,1.09000000e+00,-3.21648944e-04,2.91610516e-01,4.44294710e-02,1.00279000e+02,1.13110000e+01,1.37848000e+05,-1.91127000e-01
1.10000000e+00,2.86700000e+03,1.10000000e+00,-3.31186738e-04,2.91610516e-01,4.44294710e-02,1.00279000e+02,1.13110000e+01,1.37848000e+05,-1.91127000e-01
1.11000000e+00,2.86700000e+03,1.11000000e+00,-3.40778490e-04,2.91610516e-01,4.44294710e-02,1.00279000e+02,1.13110000e+01,1.37848000e+05,-1.91127000e-01
1.12000000e+00,2.86700000e+03,1.12000000e+00,-3.50421603e-04,2.91610516e-01,4.44294710e-02,1.00279000e+02,1.13110000e+01,1.37848000e+05,-1.91127000e-01
1.13000000e+00,2.86700000e+03,1.13000000e+00,-3.60113569e-04,2.91610516e-01,4.44294710e-02,1.00279000e+02,1.13110000e+01,1.37848000e+05,-1.91127000e-01
1.14000000e+00,2.86700000e+03,1.14000000e+00,-3.69851962e-04,2.91610516e-01,4.44294710e-02,1.00279000e+02,1.13110000e+01,1.37848000e+05,-1.91127000e-01
1.15000000e+00,2.86700000e+03,1.15000000e+00,-3.79634439e-04,2.91610516e-01,4.44294710e-02,1.00279000e+02,1.13110000e+01,1.37848000e+05,-1.91127000e-01
1.16000000e+00,2.86700000e+03,1.16000000e+00,-3.89458736e-04,2.91610516e-01,4.44294710e-02,1.00279000e+02,1.13110000e+01,1.37848000e+05,-1.91127000e-01
1.17000000e+00,2.86700000e+03,1.17000000e+00,-3.99322668e-04,2.91610516e-01,4.44294710e-02,1.00279000e+02,1.13110000e+01,1.37848000e+05,-1.91127000e-01
1.18000000e+00,2.86700000e+03,1.18000000e+00,-4.09224120e-04,2.91610516e-01,4.44294710e-02,1.00279000e+02,1.13110000e+01,1.37848000e+05,-1.91127000e-01
1.19000000e+00,2.86700000e+03,1.19000000e+00,-4.19161053e-04,2.91610516e-01,4.44294710e-02,1.00279000e+02,1.13110000e+01,1.37848000e+05,-1.91127000e-01
1.20000000e+00,2.86700000e+03,1.20000000e+00,-4.29131495e-04,2.91610516e-01,4.44294710e-02,1.00279000e+02,1.13110000e+01,1.37848000e+05,-1.91127000e-01
1.21000000e+00,2.86700000e+03,1.21000000e+00,-4.39133544e-04,2.91610516e-01,4.44294710e-02,1.00279000e+02,1.13110000e+01,1.37848000e+05,-1.91127000e-01
1.22000000e+00,2.86700000e+03,1.22000000e+00,-4.49165362e-04,2.91610516e-01,4.44294710e-02,1.00279000e+02,1.13110000e+01,1.37848000e+05,-1.91127000e-01
1.23000000e+00,2.86700000e+03,1.23000000e+00,-4.59225172e-04,2.91610516e-01,4.44294710e-02,1.00279000e+02,1.13110000e+01,1.37848000e+05,-1.91127000e-01
1.24000000e+00,2.86700000e+03,1.24000000e+00,-4.69311260e-04,2.91610516e-01,4.44294710e-02,1.00279000e+02,1.13110000e+01,1.37848000e+05,-1.91127000e-01
1.25000000e+00,2.86700000e+03,1.25000000e+00,-4.79421971e-04,2.91610516e-01,4.44294710e-02,1.00279000e+02,1.13110000e+01,1.37848000e+05,-1.91127000e-01
1.26000000e+00,2.86700000e+03,1.26000000e+00,-4.89555705e-04,2.91610516e-01,4.44294710e-02,1.00279000e+02,1.13110000e+01,1.37848000e+05,-1.91127000e-01
1.27000000e+00,2.86700000e+03,1.27000000e+00,-4.99710918e-04,2.91610516e-01,4.44294710e-02,1.00279000e+02,1.13110000e+01,1.37848000e+05,-1.91127000e-01
1.28000000e+00,2.86700000e+03,1.28000000e+00,-5.09886116e-04,2.91610516e-01,4.44294710e-02,1.00279000e+02,1.13110000e+01,1.37848000e+05,-1.91127000e-01
1.29000000e+00,2.86700000e+03,1.29000000e+00,-5.20079861e-04,2.91610516e-01,4.44294710e-02,1.00279000e+02,1.13110000e+01,1.37848000e+05,-1.91127000e-01
1.30000000e+00,2.86700000e+03,1.30000000e+00,-5.30290760e-04,2.91610516e-01,4.44294710e-02,1.00279000e+02,1.13110000e+01,1.37848000e+05,-1.91127000e-01
1.31000000e+00,2.86700000e+03,1.31000000e+00,-5.40517467e-04,2.91610516e-01,4.44294710e-02,1.00279000e+02,1.13110000e+01,1.37848000e+05,-1.91127000e-01
1.32000000e+00,2.86700000e+03,1.32000000e+00,-5.50758686e-04,2.91610516e-01,4.44294710e-02,1.00279000e+02,1.13110000e+01,1.37848000e+05,-1.91127000e-01
1.33000000e+00,2.86700000e+03,1.33000000e+00,-5.61013160e-04,2.91610516e-01,4.44294710e-02,1.00279000e+02,1.13110000e+01,1.37848000e+05,-1.91127000e-01
1.34000000e+00,2.86700000e+03,1.34000000e+00,-5.71279677e-04,2.91610516e-01,4.44294710e-02,1.00279000e+02,1.13110000e+01,1.37848000e+05,-1.91127000e-01
1.35000000e+00,2.86700000e+03,1.35000000e+00,-5.81557068e-04,2.91610516e-01,4.44294710e-02,1.00279000e+02,1.13110000e+01,1.37848000e+05,-1.91127000e-01
1.36000000e+00,2.86700000e+03,1.36000000e+00,-5.91844198e-04,2.91610516e-01,4.44294710e-02,1.00279000e+02,1.13110000e+01,1.37848000e+05,-1.91127000e-01
1.37000000e+00,2.86700000e+03,1.37000000e+00,-6.02139977e-04,2.91610516e-01,4.44294710e-02,1.00279000e+02,1.13110000e+01,1.37848000e+05,-1.91127000e-01
1.38000000e+00,2.86700000e+03,1.38000000e+00,-6.12443346e-04,2.91610516e-01,4.44294710e-02,1.00279000e+02,1.13110000e+01,1.37848000e+05,-1.91127000e-01
1.39000000e+00,2.86700000e+03,1.39000000e+00,-6.22753284e-04,2.91610516e-01,4.44294710e-02,1.00279000e+02,1.13110000e+01,1.37848000e+05,-1.91127000e-01
1.40000000e+00,2.86700000e+03,1.40000000e+00,-6.33068804e-04,2.91610516e-01,4.44294710e-02,1.00279000e+02,1.13110000e+01,1.37848000e+05,-1.91127000e-01
1.41000000e+00,2.86700000e+03,1.41000000e+00,-6.43388953e-04,2.91610516e-01,4.44294710e-02,1.00279000e+02,1.13110000e+01,1.37848000e+05,-1.91127000e-01
1.42000000e+00,2.86700000e+03,1.42000000e+00,-6.53712807e-04,2.91610516e-01,4.44294710e-02,1.00279000e+02,1.13110000e+01,1.37848000e+05,-1.91127000e-01
1.43000000e+00,2.86700000e+03,1.43000000e+00,-6.64039477e-04,2.91610516e-01,4.44294710e-02,1.00279000e+02,1.13110000e+01,1.37848000e+05,-1.91127000e-01
1.44000000e+00,2.86700000e+03,1.44000000e+00,-6.74368099e-04,2.91610516e-01,4.44294710e-02,1.00279000e+02,1.13110000e+01,1.37848000e+05,-1.91127000e-01
1.45000000e+00,2.86700000e+03,1.45000000e+00,-6.84697841e-04,2.91610516e-01,4.44294710e-02,1.00279000e+02,1.13110000e+01,1.37848000e+05,-1.91127000e-01
1.46000000e+00,2.86700000e+03,1.46000000e+00,-6.95027896e-04,2.91610516e-01,4.44294710e-02,1.00279000e+02,1.13110000e+01,1.37848000e+05,-1.91127000e-01
1.47000000e+00,2.86700000e+03,1.47000000e+00,-7.05357486e-04,2.91610516e-01,4.44294710e-02,1.00279000e+02,1.13110000e+01,1.37848000e+05,-1.91127000e-01
1.48000000e+00,2.86700000e+03,1.48000000e+00,-7.15685858e-04,2.91610516e-01,4.44294710e-02,1.00279000e+02,1.13110000e+01,1.37848000e+05,-1.91127000e-01
1.49000000e+00,2.86700000e+03,1.49000000e+00,-7.26012282e-04,2.91610516e-01,4.44294710e-02,1.00279000e+02,1.13110000e+01,1.37848000e+05,-1.91127000e-01
1.50000000e+00,2.86700000e+03,1.50000000e+00,-7.36336054e-04,2.91610516e-01,4.44294710e-02,1.00279000e+02,1.13110000e+01,1.37848000e+05,-1.91127000e-01
1.51000000e+00,2.86700000e+03,1.51000000e+00,-7.46656493e-04,2.91610516e-01,4.44294710e-02,1.00279000e+02,1.13110000e+01,1.37848000e+05,-1.91127000e-01
1.52000000e+00,2.86700000e+03,1.52000000e+00,-7.56972938e-04,2.91610516e-01,4.44294710e-02,1.00279000e+02,1.13110000e+01,1.37848000e+05,-1.91127000e-01
1.53000000e+00,2.86700000e+03,1.53000000e+00,-7.67284752e-04,2.91610516e-01,4.44294710e-02,1.00279000e+02,1.13110000e+01,1.37848000e+05,-1.91127000e-01
1.54000000e+00,2.86700000e+03,1.54000000e+00,-7.77591318e-04,2.91610516e-01,4.44294710e-02,1.00279000e+02,1.13110000e+01,1.37848000e+05,-1.91127000e-01
1.55000000e+00,2.86700000e+03,1.55000000e+00,-7.87892039e-04,2.91610516e-01,4.44294710e-02,1.00279000e+02,1.13110000e+01,1.37848000e+05,-1.91127000e-01
1.56000000e+00,2.86700000e+03,1.56000000e+00,-7.98186337e-04,2.91610516e-01,4.44294710e-02,1.00279000e+02,1.13110000e+01,1.37848000e+05,-1.91127000e-01
1.57000000e+00,2.86700000e+03,1.57000000e+00,-8.08473652e-04,2.91610516e-01,4.44294710e-02,1.00279000e+02,1.13110000e+01,1.37848000e+05,-1.91127000e-01
1.58000000e+00,2.86700000e+03,1.58000000e+00,-8.18753444e-04,2.91610516e-01,4.44294710e-02,1.00279000e+02,1.13110000e+01,1.37848000e+05,-1.91127000e-01
1.59000000e+00,2.86700000e+03,1.59000000e+00,-8.29025189e-04,2.91610516e-01,4.44294710e-02,1.00279000e+02,1.13110000e+01,1.37848000e+05,-1.91127000e-01
1.60000000e+00,2.86700000e+03,1.60000000e+00,-8.39288380e-04,2.91610516e-01,4.44294710e-02,1.00279000e+02,1.13110000e+01,1.37848000e+05,-1.91127000e-01
1.61000000e+00,2.86700000e+03,1.61000000e+00,-8.49542527e-04,2.91610516e-01,4.44294710e-02,1.00279000e+02,1.13110000e+01,1.37848000e+05,-1.91127000e-01
1.62000000e+00,2.86700000e+03,1.62000000e+00,-8.59787154e-04,2.91610516e-01,4.44294710e-02,1.00279000e+02,1.13110000e+01,1.37848000e+05,-1.91127000e-01
1.63000000e+00,2.86700000e+03,1.63000000e+00,-8.70021802e-04,2.91610516e-01,4.44294710e-02,1.00279000e+02,1.13110000e+01,1.37848000e+05,-1.91127000e-01
1.64000000e+00,2.86700000e+03,1.64000000e+00,-8.80246025e-04,2.91610516e-01,4.44294710e-02,1.00279000e+02,1.13110000e+01,1.37848000e+05,-1.91127000e-01
1.65000000e+00,2.86700000e+03,1.65000000e+00,-8.90459393e-04,2.91610516e-01,4.44294710e-02,1.00279000e+02,1.13110000e+01,1.37848000e+05,-1.91127000e-01
1.66000000e+00,2.86700000e+03,1.66000000e+00,-9.00661487e-04,2.91610516e-01,4.44294710e-02,1.00279000e+02,1.13110000e+01,1.37848000e+05,-1.91127000e-01
1.67000000e+00,2.86700000e+03,1.67000000e+00,-9.10851904e-04,2.91610516e-01,4.44294710e-02,1.00279000e+02,1.13110000e+01,1.37848000e+05,-1.91127000e-01
1.68000000e+00,2.86700000e+03,1.68000000e+00,-9.21030253e-04,2.91610516e-01,4.44294710e-02,1.00279000e+02,1.13110000e+01,1.37848000e+05,-1.91127000e-01
1.69000000e+00,2.86700000e+03,1.69000000e+00,-9.31196154e-04,2.91610516e-01,4.44294710e-02,1.00279000e+02,1.13110000e+01,1.37848000e+05,-1.91127000e-01
1.70000000e+00,2.86700000e+03,1.70000000e+00,-9.41349240e-04,2.91610516e-01,4.44294710e-02,1.00279000e+02,1.13110000e+01,1.37848000e+05,-1.91127000e-01
1.71000000e+00,2.86700000e+03,1.71000000e+00,-9.51489155e-04,2.91610516e-01,4.44294710e-02,1.00279000e+02,1.13110000e+01,1.37848000e+05,-1.91127000e-01
1.72000000e+00,2.86700000e+03,1.72000000e+00,-9.61615555e-04,2.91610516e-01,4.44294710e-02,1.00279000e+02,1.13110000e+01,1.37848000e+05,-1.91127000e-01
1.73000000e+00,2.86700000e+03,1.73000000e+00,-9.71728106e-04,2.91610516e-01,4.44294710e-02,1.00279000e+02,1.13110000e+01,1.37848000e+05,-1.91127000e-01
1.74000000e+00,2.86700000e+03,1.74000000e+00,-9.81826484e-04,2.91610516e-01,4.44294710e-02,1.00279000e+02,1.13110000e+01,1.37848000e+05,-1.91127000e-01
1.75000000e+00,2.86700000e+03,1.75000000e+00,-9.91910375e-04,2.91610516e-01,4.44294710e-02,1.00279000e+02,1.13110000e+01,1.37848000e+05,-1.91127000e-01
1.76000000e+00,2.86700000e+03,1.76000000e+00,-1.00197948e-03,2.91610516e-01,4.44294710e-02,1.00279000e+02,1.13110000e+01,1.37848000e+05,-1.91127000e-01
1.77000000e+00,2.86700000e+03,1.77000000e+00,-1.01203350e-03,2.91610516e-01,4.44294710e-02,1.00279000e+02,1.13110000e+01,1.37848000e+05,-1.91127000e-01
1.78000000e+00,2.86700000e+03,1.78000000e+00,-1.02207214e-03,2.91610516e-01,4.44294710e-02,1.00279000e+02,1.13110000e+01,1.37848000e+05,-1.91127000e-01
1.79000000e+00,2.86700000e+03,1.79000000e+00,-1.03209515e-03,2.91610516e-01,4.44294710e-02,1.00279000e+02,1.13110000e+01,1.37848000e+05,-1.91127000e-01
1.80000000e+00,2.86700000e+03,1.80000000e+00,-1.04210224e-03,2.91610516e-01,4.44294710e-02,1.00279000e+02,1.13110000e+01,1.37848000e+05,-1.91127000e-01
