vSweep,run_num,vd,id,vth0,u0,rdsw,nfactor,vsat,eta0
0.00000000e+00,7.98500000e+03,0.00000000e+00,-1.85137526e-12,4.02067869e-01,7.38847650e-02,1.00279000e+02,1.13110000e+01,1.37848000e+05,-1.91127000e-01
1.00000000e-02,7.98500000e+03,1.00000000e-02,-1.85137529e-12,4.02067869e-01,7.38847650e-02,1.00279000e+02,1.13110000e+01,1.37848000e+05,-1.91127000e-01
2.00000000e-02,7.98500000e+03,2.00000000e-02,-1.85137535e-12,4.02067869e-01,7.38847650e-02,1.00279000e+02,1.13110000e+01,1.37848000e+05,-1.91127000e-01
3.00000000e-02,7.98500000e+03,3.00000000e-02,-1.85137545e-12,4.02067869e-01,7.38847650e-02,1.00279000e+02,1.13110000e+01,1.37848000e+05,-1.91127000e-01
4.00000000e-02,7.98500000e+03,4.00000000e-02,-1.85137561e-12,4.02067869e-01,7.38847650e-02,1.00279000e+02,1.13110000e+01,1.37848000e+05,-1.91127000e-01
5.00000000e-02,7.98500000e+03,5.00000000e-02,-1.85137586e-12,4.02067869e-01,7.38847650e-02,1.00279000e+02,1.13110000e+01,1.37848000e+05,-1.91127000e-01
6.00000000e-02,7.98500000e+03,6.00000000e-02,-1.85137627e-12,4.02067869e-01,7.38847650e-02,1.00279000e+02,1.13110000e+01,1.37848000e+05,-1.91127000e-01
7.00000000e-02,7.98500000e+03,7.00000000e-02,-1.85137693e-12,4.02067869e-01,7.38847650e-02,1.00279000e+02,1.13110000e+01,1.37848000e+05,-1.91127000e-01
8.00000000e-02,7.98500000e+03,8.00000000e-02,-1.85137800e-12,4.02067869e-01,7.38847650e-02,1.00279000e+02,1.13110000e+01,1.37848000e+05,-1.91127000e-01
9.00000000e-02,7.98500000e+03,9.00000000e-02,-1.85137974e-12,4.02067869e-01,7.38847650e-02,1.00279000e+02,1.13110000e+01,1.37848000e+05,-1.91127000e-01
1.00000000e-01,7.98500000e+03,1.00000000e-01,-1.85138256e-12,4.02067869e-01,7.38847650e-02,1.00279000e+02,1.13110000e+01,1.37848000e+05,-1.91127000e-01
1.10000000e-01,7.98500000e+03,1.10000000e-01,-1.85138712e-12,4.02067869e-01,7.38847650e-02,1.00279000e+02,1.13110000e+01,1.37848000e+05,-1.91127000e-01
1.20000000e-01,7.98500000e+03,1.20000000e-01,-1.85139451e-12,4.02067869e-01,7.38847650e-02,1.00279000e+02,1.13110000e+01,1.37848000e+05,-1.91127000e-01
1.30000000e-01,7.98500000e+03,1.30000000e-01,-1.85140648e-12,4.02067869e-01,7.38847650e-02,1.00279000e+02,1.13110000e+01,1.37848000e+05,-1.91127000e-01
1.40000000e-01,7.98500000e+03,1.40000000e-01,-1.85142587e-12,4.02067869e-01,7.38847650e-02,1.00279000e+02,1.13110000e+01,1.37848000e+05,-1.91127000e-01
1.50000000e-01,7.98500000e+03,1.50000000e-01,-1.85145729e-12,4.02067869e-01,7.38847650e-02,1.00279000e+02,1.13110000e+01,1.37848000e+05,-1.91127000e-01
1.60000000e-01,7.98500000e+03,1.60000000e-01,-1.85150820e-12,4.02067869e-01,7.38847650e-02,1.00279000e+02,1.13110000e+01,1.37848000e+05,-1.91127000e-01
1.70000000e-01,7.98500000e+03,1.70000000e-01,-1.85159066e-12,4.02067869e-01,7.38847650e-02,1.00279000e+02,1.13110000e+01,1.37848000e+05,-1.91127000e-01
1.80000000e-01,7.98500000e+03,1.80000000e-01,-1.85172426e-12,4.02067869e-01,7.38847650e-02,1.00279000e+02,1.13110000e+01,1.37848000e+05,-1.91127000e-01
1.90000000e-01,7.98500000e+03,1.90000000e-01,-1.85194070e-12,4.02067869e-01,7.38847650e-02,1.00279000e+02,1.13110000e+01,1.37848000e+05,-1.91127000e-01
2.00000000e-01,7.98500000e+03,2.00000000e-01,-1.85229133e-12,4.02067869e-01,7.38847650e-02,1.00279000e+02,1.13110000e+01,1.37848000e+05,-1.91127000e-01
2.10000000e-01,7.98500000e+03,2.10000000e-01,-1.85285939e-12,4.02067869e-01,7.38847650e-02,1.00279000e+02,1.13110000e+01,1.37848000e+05,-1.91127000e-01
2.20000000e-01,7.98500000e+03,2.20000000e-01,-1.85377966e-12,4.02067869e-01,7.38847650e-02,1.00279000e+02,1.13110000e+01,1.37848000e+05,-1.91127000e-01
2.30000000e-01,7.98500000e+03,2.30000000e-01,-1.85527053e-12,4.02067869e-01,7.38847650e-02,1.00279000e+02,1.13110000e+01,1.37848000e+05,-1.91127000e-01
2.40000000e-01,7.98500000e+03,2.40000000e-01,-1.85768581e-12,4.02067869e-01,7.38847650e-02,1.00279000e+02,1.13110000e+01,1.37848000e+05,-1.91127000e-01
2.50000000e-01,7.98500000e+03,2.50000000e-01,-1.86159865e-12,4.02067869e-01,7.38847650e-02,1.00279000e+02,1.13110000e+01,1.37848000e+05,-1.91127000e-01
2.60000000e-01,7.98500000e+03,2.60000000e-01,-1.86793753e-12,4.02067869e-01,7.38847650e-02,1.00279000e+02,1.13110000e+01,1.37848000e+05,-1.91127000e-01
2.70000000e-01,7.98500000e+03,2.70000000e-01,-1.87820662e-12,4.02067869e-01,7.38847650e-02,1.00279000e+02,1.13110000e+01,1.37848000e+05,-1.91127000e-01
2.80000000e-01,7.98500000e+03,2.80000000e-01,-1.89484258e-12,4.02067869e-01,7.38847650e-02,1.00279000e+02,1.13110000e+01,1.37848000e+05,-1.91127000e-01
2.90000000e-01,7.98500000e+03,2.90000000e-01,-1.92179263e-12,4.02067869e-01,7.38847650e-02,1.00279000e+02,1.13110000e+01,1.37848000e+05,-1.91127000e-01
3.00000000e-01,7.98500000e+03,3.00000000e-01,-1.96545083e-12,4.02067869e-01,7.38847650e-02,1.00279000e+02,1.13110000e+01,1.37848000e+05,-1.91127000e-01
3.10000000e-01,7.98500000e+03,3.10000000e-01,-2.03617458e-12,4.02067869e-01,7.38847650e-02,1.00279000e+02,1.13110000e+01,1.37848000e+05,-1.91127000e-01
3.20000000e-01,7.98500000e+03,3.20000000e-01,-2.15074067e-12,4.02067869e-01,7.38847650e-02,1.00279000e+02,1.13110000e+01,1.37848000e+05,-1.91127000e-01
3.30000000e-01,7.98500000e+03,3.30000000e-01,-2.33632271e-12,4.02067869e-01,7.38847650e-02,1.00279000e+02,1.13110000e+01,1.37848000e+05,-1.91127000e-01
3.40000000e-01,7.98500000e+03,3.40000000e-01,-2.63693155e-12,4.02067869e-01,7.38847650e-02,1.00279000e+02,1.13110000e+01,1.37848000e+05,-1.91127000e-01
3.50000000e-01,7.98500000e+03,3.50000000e-01,-3.12384272e-12,4.02067869e-01,7.38847650e-02,1.00279000e+02,1.13110000e+01,1.37848000e+05,-1.91127000e-01
3.60000000e-01,7.98500000e+03,3.60000000e-01,-3.91247590e-12,4.02067869e-01,7.38847650e-02,1.00279000e+02,1.13110000e+01,1.37848000e+05,-1.91127000e-01
3.70000000e-01,7.98500000e+03,3.70000000e-01,-5.18971297e-12,4.02067869e-01,7.38847650e-02,1.00279000e+02,1.13110000e+01,1.37848000e+05,-1.91127000e-01
3.80000000e-01,7.98500000e+03,3.80000000e-01,-7.25809764e-12,4.02067869e-01,7.38847650e-02,1.00279000e+02,1.13110000e+01,1.37848000e+05,-1.91127000e-01
3.90000000e-01,7.98500000e+03,3.90000000e-01,-1.06073238e-11,4.02067869e-01,7.38847650e-02,1.00279000e+02,1.13110000e+01,1.37848000e+05,-1.91127000e-01
4.00000000e-01,7.98500000e+03,4.00000000e-01,-1.60298088e-11,4.02067869e-01,7.38847650e-02,1.00279000e+02,1.13110000e+01,1.37848000e+05,-1.91127000e-01
4.10000000e-01,7.98500000e+03,4.10000000e-01,-2.48074320e-11,4.02067869e-01,7.38847650e-02,1.00279000e+02,1.13110000e+01,1.37848000e+05,-1.91127000e-01
4.20000000e-01,7.98500000e+03,4.20000000e-01,-3.90130412e-11,4.02067869e-01,7.38847650e-02,1.00279000e+02,1.13110000e+01,1.37848000e+05,-1.91127000e-01
4.30000000e-01,7.98500000e+03,4.30000000e-01,-6.19968174e-11,4.02067869e-01,7.38847650e-02,1.00279000e+02,1.13110000e+01,1.37848000e+05,-1.91127000e-01
4.40000000e-01,7.98500000e+03,4.40000000e-01,-9.91699282e-11,4.02067869e-01,7.38847650e-02,1.00279000e+02,1.13110000e+01,1.37848000e+05,-1.91127000e-01
4.50000000e-01,7.98500000e+03,4.50000000e-01,-1.59265335e-10,4.02067869e-01,7.38847650e-02,1.00279000e+02,1.13110000e+01,1.37848000e+05,-1.91127000e-01
4.60000000e-01,7.98500000e+03,4.60000000e-01,-2.56362517e-10,4.02067869e-01,7.38847650e-02,1.00279000e+02,1.13110000e+01,1.37848000e+05,-1.91127000e-01
4.70000000e-01,7.98500000e+03,4.70000000e-01,-4.13131365e-10,4.02067869e-01,7.38847650e-02,1.00279000e+02,1.13110000e+01,1.37848000e+05,-1.91127000e-01
4.80000000e-01,7.98500000e+03,4.80000000e-01,-6.66014012e-10,4.02067869e-01,7.38847650e-02,1.00279000e+02,1.13110000e+01,1.37848000e+05,-1.91127000e-01
4.90000000e-01,7.98500000e+03,4.90000000e-01,-1.07347175e-09,4.02067869e-01,7.38847650e-02,1.00279000e+02,1.13110000e+01,1.37848000e+05,-1.91127000e-01
5.00000000e-01,7.98500000e+03,5.00000000e-01,-1.72904933e-09,4.02067869e-01,7.38847650e-02,1.00279000e+02,1.13110000e+01,1.37848000e+05,-1.91127000e-01
5.10000000e-01,7.98500000e+03,5.10000000e-01,-2.78195166e-09,4.02067869e-01,7.38847650e-02,1.00279000e+02,1.13110000e+01,1.37848000e+05,-1.91127000e-01
5.20000000e-01,7.98500000e+03,5.20000000e-01,-4.46922286e-09,4.02067869e-01,7.38847650e-02,1.00279000e+02,1.13110000e+01,1.37848000e+05,-1.91127000e-01
5.30000000e-01,7.98500000e+03,5.30000000e-01,-7.16563308e-09,4.02067869e-01,7.38847650e-02,1.00279000e+02,1.13110000e+01,1.37848000e+05,-1.91127000e-01
5.40000000e-01,7.98500000e+03,5.40000000e-01,-1.14602083e-08,4.02067869e-01,7.38847650e-02,1.00279000e+02,1.13110000e+01,1.37848000e+05,-1.91127000e-01
5.50000000e-01,7.98500000e+03,5.50000000e-01,-1.82721784e-08,4.02067869e-01,7.38847650e-02,1.00279000e+02,1.13110000e+01,1.37848000e+05,-1.91127000e-01
5.60000000e-01,7.98500000e+03,5.60000000e-01,-2.90241363e-08,4.02067869e-01,7.38847650e-02,1.00279000e+02,1.13110000e+01,1.37848000e+05,-1.91127000e-01
5.70000000e-01,7.98500000e+03,5.70000000e-01,-4.58965342e-08,4.02067869e-01,7.38847650e-02,1.00279000e+02,1.13110000e+01,1.37848000e+05,-1.91127000e-01
5.80000000e-01,7.98500000e+03,5.80000000e-01,-7.21954725e-08,4.02067869e-01,7.38847650e-02,1.00279000e+02,1.13110000e+01,1.37848000e+05,-1.91127000e-01
5.90000000e-01,7.98500000e+03,5.90000000e-01,-1.12875540e-07,4.02067869e-01,7.38847650e-02,1.00279000e+02,1.13110000e+01,1.37848000e+05,-1.91127000e-01
6.00000000e-01,7.98500000e+03,6.00000000e-01,-1.75272292e-07,4.02067869e-01,7.38847650e-02,1.00279000e+02,1.13110000e+01,1.37848000e+05,-1.91127000e-01
6.10000000e-01,7.98500000e+03,6.10000000e-01,-2.70115887e-07,4.02067869e-01,7.38847650e-02,1.00279000e+02,1.13110000e+01,1.37848000e+05,-1.91127000e-01
6.20000000e-01,7.98500000e+03,6.20000000e-01,-4.12916155e-07,4.02067869e-01,7.38847650e-02,1.00279000e+02,1.13110000e+01,1.37848000e+05,-1.91127000e-01
6.30000000e-01,7.98500000e+03,6.30000000e-01,-6.25814648e-07,4.02067869e-01,7.38847650e-02,1.00279000e+02,1.13110000e+01,1.37848000e+05,-1.91127000e-01
6.40000000e-01,7.98500000e+03,6.40000000e-01,-9.39948178e-07,4.02067869e-01,7.38847650e-02,1.00279000e+02,1.13110000e+01,1.37848000e+05,-1.91127000e-01
6.50000000e-01,7.98500000e+03,6.50000000e-01,-1.39818515e-06,4.02067869e-01,7.38847650e-02,1.00279000e+02,1.13110000e+01,1.37848000e+05,-1.91127000e-01
6.60000000e-01,7.98500000e+03,6.60000000e-01,-2.05771144e-06,4.02067869e-01,7.38847650e-02,1.00279000e+02,1.13110000e+01,1.37848000e+05,-1.91127000e-01
6.70000000e-01,7.98500000e+03,6.70000000e-01,-2.99140420e-06,4.02067869e-01,7.38847650e-02,1.00279000e+02,1.13110000e+01,1.37848000e+05,-1.91127000e-01
6.80000000e-01,7.98500000e+03,6.80000000e-01,-4.28652708e-06,4.02067869e-01,7.38847650e-02,1.00279000e+02,1.13110000e+01,1.37848000e+05,-1.91127000e-01
6.90000000e-01,7.98500000e+03,6.90000000e-01,-6.03948906e-06,4.02067869e-01,7.38847650e-02,1.00279000e+02,1.13110000e+01,1.37848000e+05,-1.91127000e-01
7.00000000e-01,7.98500000e+03,7.00000000e-01,-8.34654669e-06,4.02067869e-01,7.38847650e-02,1.00279000e+02,1.13110000e+01,1.37848000e+05,-1.91127000e-01
7.10000000e-01,7.98500000e+03,7.10000000e-01,-1.12920854e-05,4.02067869e-01,7.38847650e-02,1.00279000e+02,1.13110000e+01,1.37848000e+05,-1.91127000e-01
7.20000000e-01,7.98500000e+03,7.20000000e-01,-1.49375237e-05,4.02067869e-01,7.38847650e-02,1.00279000e+02,1.13110000e+01,1.37848000e+05,-1.91127000e-01
7.30000000e-01,7.98500000e+03,7.30000000e-01,-1.93139853e-05,4.02067869e-01,7.38847650e-02,1.00279000e+02,1.13110000e+01,1.37848000e+05,-1.91127000e-01
7.40000000e-01,7.98500000e+03,7.40000000e-01,-2.44205299e-05,4.02067869e-01,7.38847650e-02,1.00279000e+02,1.13110000e+01,1.37848000e+05,-1.91127000e-01
7.50000000e-01,7.98500000e+03,7.50000000e-01,-3.02277344e-05,4.02067869e-01,7.38847650e-02,1.00279000e+02,1.13110000e+01,1.37848000e+05,-1.91127000e-01
7.60000000e-01,7.98500000e+03,7.60000000e-01,-3.66848486e-05,4.02067869e-01,7.38847650e-02,1.00279000e+02,1.13110000e+01,1.37848000e+05,-1.91127000e-01
7.70000000e-01,7.98500000e+03,7.70000000e-01,-4.37282170e-05,4.02067869e-01,7.38847650e-02,1.00279000e+02,1.13110000e+01,1.37848000e+05,-1.91127000e-01
7.80000000e-01,7.98500000e+03,7.80000000e-01,-5.12890498e-05,4.02067869e-01,7.38847650e-02,1.00279000e+02,1.13110000e+01,1.37848000e+05,-1.91127000e-01
7.90000000e-01,7.98500000e+03,7.90000000e-01,-5.92994479e-05,4.02067869e-01,7.38847650e-02,1.00279000e+02,1.13110000e+01,1.37848000e+05,-1.91127000e-01
8.00000000e-01,7.98500000e+03,8.00000000e-01,-6.76963744e-05,4.02067869e-01,7.38847650e-02,1.00279000e+02,1.13110000e+01,1.37848000e+05,-1.91127000e-01
8.10000000e-01,7.98500000e+03,8.10000000e-01,-7.64237873e-05,4.02067869e-01,7.38847650e-02,1.00279000e+02,1.13110000e+01,1.37848000e+05,-1.91127000e-01
8.20000000e-01,7.98500000e+03,8.20000000e-01,-8.54333804e-05,4.02067869e-01,7.38847650e-02,1.00279000e+02,1.13110000e+01,1.37848000e+05,-1.91127000e-01
8.30000000e-01,7.98500000e+03,8.30000000e-01,-9.46844079e-05,4.02067869e-01,7.38847650e-02,1.00279000e+02,1.13110000e+01,1.37848000e+05,-1.91127000e-01
8.40000000e-01,7.98500000e+03,8.40000000e-01,-1.04142992e-04,4.02067869e-01,7.38847650e-02,1.00279000e+02,1.13110000e+01,1.37848000e+05,-1.91127000e-01
8.50000000e-01,7.98500000e+03,8.50000000e-01,-1.13781198e-04,4.02067869e-01,7.38847650e-02,1.00279000e+02,1.13110000e+01,1.37848000e+05,-1.91127000e-01
8.60000000e-01,7.98500000e+03,8.60000000e-01,-1.23576072e-04,4.02067869e-01,7.38847650e-02,1.00279000e+02,1.13110000e+01,1.37848000e+05,-1.91127000e-01
8.70000000e-01,7.98500000e+03,8.70000000e-01,-1.33508726e-04,4.02067869e-01,7.38847650e-02,1.00279000e+02,1.13110000e+01,1.37848000e+05,-1.91127000e-01
8.80000000e-01,7.98500000e+03,8.80000000e-01,-1.43563551e-04,4.02067869e-01,7.38847650e-02,1.00279000e+02,1.13110000e+01,1.37848000e+05,-1.91127000e-01
8.90000000e-01,7.98500000e+03,8.90000000e-01,-1.53727545e-04,4.02067869e-01,7.38847650e-02,1.00279000e+02,1.13110000e+01,1.37848000e+05,-1.91127000e-01
9.00000000e-01,7.98500000e+03,9.00000000e-01,-1.63989769e-04,4.02067869e-01,7.38847650e-02,1.00279000e+02,1.13110000e+01,1.37848000e+05,-1.91127000e-01
9.10000000e-01,7.98500000e+03,9.10000000e-01,-1.74340914e-04,4.02067869e-01,7.38847650e-02,1.00279000e+02,1.13110000e+01,1.37848000e+05,-1.91127000e-01
9.20000000e-01,7.98500000e+03,9.20000000e-01,-1.84772960e-04,4.02067869e-01,7.38847650e-02,1.00279000e+02,1.13110000e+01,1.37848000e+05,-1.91127000e-01
9.30000000e-01,7.98500000e+03,9.30000000e-01,-1.95278914e-04,4.02067869e-01,7.38847650e-02,1.00279000e+02,1.13110000e+01,1.37848000e+05,-1.91127000e-01
9.40000000e-01,7.98500000e+03,9.40000000e-01,-2.05852603e-04,4.02067869e-01,7.38847650e-02,1.00279000e+02,1.13110000e+01,1.37848000e+05,-1.91127000e-01
9.50000000e-01,7.98500000e+03,9.50000000e-01,-2.16488522e-04,4.02067869e-01,7.38847650e-02,1.00279000e+02,1.13110000e+01,1.37848000e+05,-1.91127000e-01
9.60000000e-01,7.98500000e+03,9.60000000e-01,-2.27181714e-04,4.02067869e-01,7.38847650e-02,1.00279000e+02,1.13110000e+01,1.37848000e+05,-1.91127000e-01
9.70000000e-01,7.98500000e+03,9.70000000e-01,-2.37927676e-04,4.02067869e-01,7.38847650e-02,1.00279000e+02,1.13110000e+01,1.37848000e+05,-1.91127000e-01
9.80000000e-01,7.98500000e+03,9.80000000e-01,-2.48722296e-04,4.02067869e-01,7.38847650e-02,1.00279000e+02,1.13110000e+01,1.37848000e+05,-1.91127000e-01
9.90000000e-01,7.98500000e+03,9.90000000e-01,-2.59561796e-04,4.02067869e-01,7.38847650e-02,1.00279000e+02,1.13110000e+01,1.37848000e+05,-1.91127000e-01
1.00000000e+00,7.98500000e+03,1.00000000e+00,-2.70442691e-04,4.02067869e-01,7.38847650e-02,1.00279000e+02,1.13110000e+01,1.37848000e+05,-1.91127000e-01
1.01000000e+00,7.98500000e+03,1.01000000e+00,-2.81361752e-04,4.02067869e-01,7.38847650e-02,1.00279000e+02,1.13110000e+01,1.37848000e+05,-1.91127000e-01
1.02000000e+00,7.98500000e+03,1.02000000e+00,-2.92315985e-04,4.02067869e-01,7.38847650e-02,1.00279000e+02,1.13110000e+01,1.37848000e+05,-1.91127000e-01
1.03000000e+00,7.98500000e+03,1.03000000e+00,-3.03302603e-04,4.02067869e-01,7.38847650e-02,1.00279000e+02,1.13110000e+01,1.37848000e+05,-1.91127000e-01
1.04000000e+00,7.98500000e+03,1.04000000e+00,-3.14319014e-04,4.02067869e-01,7.38847650e-02,1.00279000e+02,1.13110000e+01,1.37848000e+05,-1.91127000e-01
1.05000000e+00,7.98500000e+03,1.05000000e+00,-3.25362797e-04,4.02067869e-01,7.38847650e-02,1.00279000e+02,1.13110000e+01,1.37848000e+05,-1.91127000e-01
1.06000000e+00,7.98500000e+03,1.06000000e+00,-3.36431698e-04,4.02067869e-01,7.38847650e-02,1.00279000e+02,1.13110000e+01,1.37848000e+05,-1.91127000e-01
1.07000000e+00,7.98500000e+03,1.07000000e+00,-3.47523610e-04,4.02067869e-01,7.38847650e-02,1.00279000e+02,1.13110000e+01,1.37848000e+05,-1.91127000e-01
1.08000000e+00,7.98500000e+03,1.08000000e+00,-3.58636566e-04,4.02067869e-01,7.38847650e-02,1.00279000e+02,1.13110000e+01,1.37848000e+05,-1.91127000e-01
1.09000000e+00,7.98500000e+03,1.09000000e+00,-3.69768729e-04,4.02067869e-01,7.38847650e-02,1.00279000e+02,1.13110000e+01,1.37848000e+05,-1.91127000e-01
1.10000000e+00,7.98500000e+03,1.10000000e+00,-3.80918382e-04,4.02067869e-01,7.38847650e-02,1.00279000e+02,1.13110000e+01,1.37848000e+05,-1.91127000e-01
1.11000000e+00,7.98500000e+03,1.11000000e+00,-3.92083921e-04,4.02067869e-01,7.38847650e-02,1.00279000e+02,1.13110000e+01,1.37848000e+05,-1.91127000e-01
1.12000000e+00,7.98500000e+03,1.12000000e+00,-4.03263846e-04,4.02067869e-01,7.38847650e-02,1.00279000e+02,1.13110000e+01,1.37848000e+05,-1.91127000e-01
1.13000000e+00,7.98500000e+03,1.13000000e+00,-4.14456757e-04,4.02067869e-01,7.38847650e-02,1.00279000e+02,1.13110000e+01,1.37848000e+05,-1.91127000e-01
1.14000000e+00,7.98500000e+03,1.14000000e+00,-4.25661341e-04,4.02067869e-01,7.38847650e-02,1.00279000e+02,1.13110000e+01,1.37848000e+05,-1.91127000e-01
1.15000000e+00,7.98500000e+03,1.15000000e+00,-4.36876373e-04,4.02067869e-01,7.38847650e-02,1.00279000e+02,1.13110000e+01,1.37848000e+05,-1.91127000e-01
1.16000000e+00,7.98500000e+03,1.16000000e+00,-4.48100708e-04,4.02067869e-01,7.38847650e-02,1.00279000e+02,1.13110000e+01,1.37848000e+05,-1.91127000e-01
1.17000000e+00,7.98500000e+03,1.17000000e+00,-4.59333271e-04,4.02067869e-01,7.38847650e-02,1.00279000e+02,1.13110000e+01,1.37848000e+05,-1.91127000e-01
1.18000000e+00,7.98500000e+03,1.18000000e+00,-4.70573059e-04,4.02067869e-01,7.38847650e-02,1.00279000e+02,1.13110000e+01,1.37848000e+05,-1.91127000e-01
1.19000000e+00,7.98500000e+03,1.19000000e+00,-4.81819134e-04,4.02067869e-01,7.38847650e-02,1.00279000e+02,1.13110000e+01,1.37848000e+05,-1.91127000e-01
1.20000000e+00,7.98500000e+03,1.20000000e+00,-4.93070614e-04,4.02067869e-01,7.38847650e-02,1.00279000e+02,1.13110000e+01,1.37848000e+05,-1.91127000e-01
1.21000000e+00,7.98500000e+03,1.21000000e+00,-5.04326678e-04,4.02067869e-01,7.38847650e-02,1.00279000e+02,1.13110000e+01,1.37848000e+05,-1.91127000e-01
1.22000000e+00,7.98500000e+03,1.22000000e+00,-5.15586553e-04,4.02067869e-01,7.38847650e-02,1.00279000e+02,1.13110000e+01,1.37848000e+05,-1.91127000e-01
1.23000000e+00,7.98500000e+03,1.23000000e+00,-5.26849517e-04,4.02067869e-01,7.38847650e-02,1.00279000e+02,1.13110000e+01,1.37848000e+05,-1.91127000e-01
1.24000000e+00,7.98500000e+03,1.24000000e+00,-5.38114893e-04,4.02067869e-01,7.38847650e-02,1.00279000e+02,1.13110000e+01,1.37848000e+05,-1.91127000e-01
1.25000000e+00,7.98500000e+03,1.25000000e+00,-5.49382046e-04,4.02067869e-01,7.38847650e-02,1.00279000e+02,1.13110000e+01,1.37848000e+05,-1.91127000e-01
1.26000000e+00,7.98500000e+03,1.26000000e+00,-5.60650381e-04,4.02067869e-01,7.38847650e-02,1.00279000e+02,1.13110000e+01,1.37848000e+05,-1.91127000e-01
1.27000000e+00,7.98500000e+03,1.27000000e+00,-5.71919341e-04,4.02067869e-01,7.38847650e-02,1.00279000e+02,1.13110000e+01,1.37848000e+05,-1.91127000e-01
1.28000000e+00,7.98500000e+03,1.28000000e+00,-5.83188402e-04,4.02067869e-01,7.38847650e-02,1.00279000e+02,1.13110000e+01,1.37848000e+05,-1.91127000e-01
1.29000000e+00,7.98500000e+03,1.29000000e+00,-5.94457073e-04,4.02067869e-01,7.38847650e-02,1.00279000e+02,1.13110000e+01,1.37848000e+05,-1.91127000e-01
1.30000000e+00,7.98500000e+03,1.30000000e+00,-6.05724894e-04,4.02067869e-01,7.38847650e-02,1.00279000e+02,1.13110000e+01,1.37848000e+05,-1.91127000e-01
1.31000000e+00,7.98500000e+03,1.31000000e+00,-6.16991433e-04,4.02067869e-01,7.38847650e-02,1.00279000e+02,1.13110000e+01,1.37848000e+05,-1.91127000e-01
1.32000000e+00,7.98500000e+03,1.32000000e+00,-6.28256284e-04,4.02067869e-01,7.38847650e-02,1.00279000e+02,1.13110000e+01,1.37848000e+05,-1.91127000e-01
1.33000000e+00,7.98500000e+03,1.33000000e+00,-6.39519066e-04,4.02067869e-01,7.38847650e-02,1.00279000e+02,1.13110000e+01,1.37848000e+05,-1.91127000e-01
1.34000000e+00,7.98500000e+03,1.34000000e+00,-6.50779423e-04,4.02067869e-01,7.38847650e-02,1.00279000e+02,1.13110000e+01,1.37848000e+05,-1.91127000e-01
1.35000000e+00,7.98500000e+03,1.35000000e+00,-6.62037019e-04,4.02067869e-01,7.38847650e-02,1.00279000e+02,1.13110000e+01,1.37848000e+05,-1.91127000e-01
1.36000000e+00,7.98500000e+03,1.36000000e+00,-6.73291538e-04,4.02067869e-01,7.38847650e-02,1.00279000e+02,1.13110000e+01,1.37848000e+05,-1.91127000e-01
1.37000000e+00,7.98500000e+03,1.37000000e+00,-6.84542686e-04,4.02067869e-01,7.38847650e-02,1.00279000e+02,1.13110000e+01,1.37848000e+05,-1.91127000e-01
1.38000000e+00,7.98500000e+03,1.38000000e+00,-6.95790184e-04,4.02067869e-01,7.38847650e-02,1.00279000e+02,1.13110000e+01,1.37848000e+05,-1.91127000e-01
1.39000000e+00,7.98500000e+03,1.39000000e+00,-7.07033773e-04,4.02067869e-01,7.38847650e-02,1.00279000e+02,1.13110000e+01,1.37848000e+05,-1.91127000e-01
1.40000000e+00,7.98500000e+03,1.40000000e+00,-7.18273206e-04,4.02067869e-01,7.38847650e-02,1.00279000e+02,1.13110000e+01,1.37848000e+05,-1.91127000e-01
1.41000000e+00,7.98500000e+03,1.41000000e+00,-7.29508256e-04,4.02067869e-01,7.38847650e-02,1.00279000e+02,1.13110000e+01,1.37848000e+05,-1.91127000e-01
1.42000000e+00,7.98500000e+03,1.42000000e+00,-7.40738705e-04,4.02067869e-01,7.38847650e-02,1.00279000e+02,1.13110000e+01,1.37848000e+05,-1.91127000e-01
1.43000000e+00,7.98500000e+03,1.43000000e+00,-7.51964352e-04,4.02067869e-01,7.38847650e-02,1.00279000e+02,1.13110000e+01,1.37848000e+05,-1.91127000e-01
1.44000000e+00,7.98500000e+03,1.44000000e+00,-7.63185006e-04,4.02067869e-01,7.38847650e-02,1.00279000e+02,1.13110000e+01,1.37848000e+05,-1.91127000e-01
1.45000000e+00,7.98500000e+03,1.45000000e+00,-7.74400489e-04,4.02067869e-01,7.38847650e-02,1.00279000e+02,1.13110000e+01,1.37848000e+05,-1.91127000e-01
1.46000000e+00,7.98500000e+03,1.46000000e+00,-7.85610635e-04,4.02067869e-01,7.38847650e-02,1.00279000e+02,1.13110000e+01,1.37848000e+05,-1.91127000e-01
1.47000000e+00,7.98500000e+03,1.47000000e+00,-7.96815286e-04,4.02067869e-01,7.38847650e-02,1.00279000e+02,1.13110000e+01,1.37848000e+05,-1.91127000e-01
1.48000000e+00,7.98500000e+03,1.48000000e+00,-8.08014295e-04,4.02067869e-01,7.38847650e-02,1.00279000e+02,1.13110000e+01,1.37848000e+05,-1.91127000e-01
1.49000000e+00,7.98500000e+03,1.49000000e+00,-8.19207525e-04,4.02067869e-01,7.38847650e-02,1.00279000e+02,1.13110000e+01,1.37848000e+05,-1.91127000e-01
1.50000000e+00,7.98500000e+03,1.50000000e+00,-8.30394846e-04,4.02067869e-01,7.38847650e-02,1.00279000e+02,1.13110000e+01,1.37848000e+05,-1.91127000e-01
1.51000000e+00,7.98500000e+03,1.51000000e+00,-8.41576137e-04,4.02067869e-01,7.38847650e-02,1.00279000e+02,1.13110000e+01,1.37848000e+05,-1.91127000e-01
1.52000000e+00,7.98500000e+03,1.52000000e+00,-8.52751285e-04,4.02067869e-01,7.38847650e-02,1.00279000e+02,1.13110000e+01,1.37848000e+05,-1.91127000e-01
1.53000000e+00,7.98500000e+03,1.53000000e+00,-8.63920183e-04,4.02067869e-01,7.38847650e-02,1.00279000e+02,1.13110000e+01,1.37848000e+05,-1.91127000e-01
1.54000000e+00,7.98500000e+03,1.54000000e+00,-8.75082733e-04,4.02067869e-01,7.38847650e-02,1.00279000e+02,1.13110000e+01,1.37848000e+05,-1.91127000e-01
1.55000000e+00,7.98500000e+03,1.55000000e+00,-8.86238842e-04,4.02067869e-01,7.38847650e-02,1.00279000e+02,1.13110000e+01,1.37848000e+05,-1.91127000e-01
1.56000000e+00,7.98500000e+03,1.56000000e+00,-8.97388423e-04,4.02067869e-01,7.38847650e-02,1.00279000e+02,1.13110000e+01,1.37848000e+05,-1.91127000e-01
1.57000000e+00,7.98500000e+03,1.57000000e+00,-9.08531394e-04,4.02067869e-01,7.38847650e-02,1.00279000e+02,1.13110000e+01,1.37848000e+05,-1.91127000e-01
1.58000000e+00,7.98500000e+03,1.58000000e+00,-9.19667680e-04,4.02067869e-01,7.38847650e-02,1.00279000e+02,1.13110000e+01,1.37848000e+05,-1.91127000e-01
1.59000000e+00,7.98500000e+03,1.59000000e+00,-9.30797210e-04,4.02067869e-01,7.38847650e-02,1.00279000e+02,1.13110000e+01,1.37848000e+05,-1.91127000e-01
1.60000000e+00,7.98500000e+03,1.60000000e+00,-9.41919919e-04,4.02067869e-01,7.38847650e-02,1.00279000e+02,1.13110000e+01,1.37848000e+05,-1.91127000e-01
1.61000000e+00,7.98500000e+03,1.61000000e+00,-9.53035745e-04,4.02067869e-01,7.38847650e-02,1.00279000e+02,1.13110000e+01,1.37848000e+05,-1.91127000e-01
1.62000000e+00,7.98500000e+03,1.62000000e+00,-9.64144630e-04,4.02067869e-01,7.38847650e-02,1.00279000e+02,1.13110000e+01,1.37848000e+05,-1.91127000e-01
1.63000000e+00,7.98500000e+03,1.63000000e+00,-9.75246522e-04,4.02067869e-01,7.38847650e-02,1.00279000e+02,1.13110000e+01,1.37848000e+05,-1.91127000e-01
1.64000000e+00,7.98500000e+03,1.64000000e+00,-9.86341371e-04,4.02067869e-01,7.38847650e-02,1.00279000e+02,1.13110000e+01,1.37848000e+05,-1.91127000e-01
1.65000000e+00,7.98500000e+03,1.65000000e+00,-9.97429130e-04,4.02067869e-01,7.38847650e-02,1.00279000e+02,1.13110000e+01,1.37848000e+05,-1.91127000e-01
1.66000000e+00,7.98500000e+03,1.66000000e+00,-1.00850976e-03,4.02067869e-01,7.38847650e-02,1.00279000e+02,1.13110000e+01,1.37848000e+05,-1.91127000e-01
1.67000000e+00,7.98500000e+03,1.67000000e+00,-1.01958321e-03,4.02067869e-01,7.38847650e-02,1.00279000e+02,1.13110000e+01,1.37848000e+05,-1.91127000e-01
1.68000000e+00,7.98500000e+03,1.68000000e+00,-1.03064946e-03,4.02067869e-01,7.38847650e-02,1.00279000e+02,1.13110000e+01,1.37848000e+05,-1.91127000e-01
1.69000000e+00,7.98500000e+03,1.69000000e+00,-1.04170847e-03,4.02067869e-01,7.38847650e-02,1.00279000e+02,1.13110000e+01,1.37848000e+05,-1.91127000e-01
1.70000000e+00,7.98500000e+03,1.70000000e+00,-1.05276020e-03,4.02067869e-01,7.38847650e-02,1.00279000e+02,1.13110000e+01,1.37848000e+05,-1.91127000e-01
1.71000000e+00,7.98500000e+03,1.71000000e+00,-1.06380462e-03,4.02067869e-01,7.38847650e-02,1.00279000e+02,1.13110000e+01,1.37848000e+05,-1.91127000e-01
1.72000000e+00,7.98500000e+03,1.72000000e+00,-1.07484172e-03,4.02067869e-01,7.38847650e-02,1.00279000e+02,1.13110000e+01,1.37848000e+05,-1.91127000e-01
1.73000000e+00,7.98500000e+03,1.73000000e+00,-1.08587146e-03,4.02067869e-01,7.38847650e-02,1.00279000e+02,1.13110000e+01,1.37848000e+05,-1.91127000e-01
1.74000000e+00,7.98500000e+03,1.74000000e+00,-1.09689383e-03,4.02067869e-01,7.38847650e-02,1.00279000e+02,1.13110000e+01,1.37848000e+05,-1.91127000e-01
1.75000000e+00,7.98500000e+03,1.75000000e+00,-1.10790880e-03,4.02067869e-01,7.38847650e-02,1.00279000e+02,1.13110000e+01,1.37848000e+05,-1.91127000e-01
1.76000000e+00,7.98500000e+03,1.76000000e+00,-1.11891634e-03,4.02067869e-01,7.38847650e-02,1.00279000e+02,1.13110000e+01,1.37848000e+05,-1.91127000e-01
1.77000000e+00,7.98500000e+03,1.77000000e+00,-1.12991646e-03,4.02067869e-01,7.38847650e-02,1.00279000e+02,1.13110000e+01,1.37848000e+05,-1.91127000e-01
1.78000000e+00,7.98500000e+03,1.78000000e+00,-1.14090911e-03,4.02067869e-01,7.38847650e-02,1.00279000e+02,1.13110000e+01,1.37848000e+05,-1.91127000e-01
1.79000000e+00,7.98500000e+03,1.79000000e+00,-1.15189431e-03,4.02067869e-01,7.38847650e-02,1.00279000e+02,1.13110000e+01,1.37848000e+05,-1.91127000e-01
1.80000000e+00,7.98500000e+03,1.80000000e+00,-1.16287202e-03,4.02067869e-01,7.38847650e-02,1.00279000e+02,1.13110000e+01,1.37848000e+05,-1.91127000e-01
