vSweep,run_num,vd,id,vth0,u0,rdsw,nfactor,vsat,eta0
0.00000000e+00,8.06400000e+03,0.00000000e+00,-1.85137597e-12,3.37624130e-01,5.66997681e-02,1.00279000e+02,1.13110000e+01,1.37848000e+05,-1.91127000e-01
1.00000000e-02,8.06400000e+03,1.00000000e-02,-1.85137634e-12,3.37624130e-01,5.66997681e-02,1.00279000e+02,1.13110000e+01,1.37848000e+05,-1.91127000e-01
2.00000000e-02,8.06400000e+03,2.00000000e-02,-1.85137721e-12,3.37624130e-01,5.66997681e-02,1.00279000e+02,1.13110000e+01,1.37848000e+05,-1.91127000e-01
3.00000000e-02,8.06400000e+03,3.00000000e-02,-1.85137846e-12,3.37624130e-01,5.66997681e-02,1.00279000e+02,1.13110000e+01,1.37848000e+05,-1.91127000e-01
4.00000000e-02,8.06400000e+03,4.00000000e-02,-1.85138048e-12,3.37624130e-01,5.66997681e-02,1.00279000e+02,1.13110000e+01,1.37848000e+05,-1.91127000e-01
5.00000000e-02,8.06400000e+03,5.00000000e-02,-1.85138375e-12,3.37624130e-01,5.66997681e-02,1.00279000e+02,1.13110000e+01,1.37848000e+05,-1.91127000e-01
6.00000000e-02,8.06400000e+03,6.00000000e-02,-1.85138905e-12,3.37624130e-01,5.66997681e-02,1.00279000e+02,1.13110000e+01,1.37848000e+05,-1.91127000e-01
7.00000000e-02,8.06400000e+03,7.00000000e-02,-1.85139764e-12,3.37624130e-01,5.66997681e-02,1.00279000e+02,1.13110000e+01,1.37848000e+05,-1.91127000e-01
8.00000000e-02,8.06400000e+03,8.00000000e-02,-1.85141155e-12,3.37624130e-01,5.66997681e-02,1.00279000e+02,1.13110000e+01,1.37848000e+05,-1.91127000e-01
9.00000000e-02,8.06400000e+03,9.00000000e-02,-1.85143409e-12,3.37624130e-01,5.66997681e-02,1.00279000e+02,1.13110000e+01,1.37848000e+05,-1.91127000e-01
1.00000000e-01,8.06400000e+03,1.00000000e-01,-1.85147060e-12,3.37624130e-01,5.66997681e-02,1.00279000e+02,1.13110000e+01,1.37848000e+05,-1.91127000e-01
1.10000000e-01,8.06400000e+03,1.10000000e-01,-1.85152975e-12,3.37624130e-01,5.66997681e-02,1.00279000e+02,1.13110000e+01,1.37848000e+05,-1.91127000e-01
1.20000000e-01,8.06400000e+03,1.20000000e-01,-1.85162558e-12,3.37624130e-01,5.66997681e-02,1.00279000e+02,1.13110000e+01,1.37848000e+05,-1.91127000e-01
1.30000000e-01,8.06400000e+03,1.30000000e-01,-1.85178083e-12,3.37624130e-01,5.66997681e-02,1.00279000e+02,1.13110000e+01,1.37848000e+05,-1.91127000e-01
1.40000000e-01,8.06400000e+03,1.40000000e-01,-1.85203235e-12,3.37624130e-01,5.66997681e-02,1.00279000e+02,1.13110000e+01,1.37848000e+05,-1.91127000e-01
1.50000000e-01,8.06400000e+03,1.50000000e-01,-1.85243981e-12,3.37624130e-01,5.66997681e-02,1.00279000e+02,1.13110000e+01,1.37848000e+05,-1.91127000e-01
1.60000000e-01,8.06400000e+03,1.60000000e-01,-1.85309993e-12,3.37624130e-01,5.66997681e-02,1.00279000e+02,1.13110000e+01,1.37848000e+05,-1.91127000e-01
1.70000000e-01,8.06400000e+03,1.70000000e-01,-1.85416934e-12,3.37624130e-01,5.66997681e-02,1.00279000e+02,1.13110000e+01,1.37848000e+05,-1.91127000e-01
1.80000000e-01,8.06400000e+03,1.80000000e-01,-1.85590182e-12,3.37624130e-01,5.66997681e-02,1.00279000e+02,1.13110000e+01,1.37848000e+05,-1.91127000e-01
1.90000000e-01,8.06400000e+03,1.90000000e-01,-1.85870849e-12,3.37624130e-01,5.66997681e-02,1.00279000e+02,1.13110000e+01,1.37848000e+05,-1.91127000e-01
2.00000000e-01,8.06400000e+03,2.00000000e-01,-1.86325536e-12,3.37624130e-01,5.66997681e-02,1.00279000e+02,1.13110000e+01,1.37848000e+05,-1.91127000e-01
2.10000000e-01,8.06400000e+03,2.10000000e-01,-1.87062134e-12,3.37624130e-01,5.66997681e-02,1.00279000e+02,1.13110000e+01,1.37848000e+05,-1.91127000e-01
2.20000000e-01,8.06400000e+03,2.20000000e-01,-1.88255420e-12,3.37624130e-01,5.66997681e-02,1.00279000e+02,1.13110000e+01,1.37848000e+05,-1.91127000e-01
2.30000000e-01,8.06400000e+03,2.30000000e-01,-1.90188518e-12,3.37624130e-01,5.66997681e-02,1.00279000e+02,1.13110000e+01,1.37848000e+05,-1.91127000e-01
2.40000000e-01,8.06400000e+03,2.40000000e-01,-1.93320053e-12,3.37624130e-01,5.66997681e-02,1.00279000e+02,1.13110000e+01,1.37848000e+05,-1.91127000e-01
2.50000000e-01,8.06400000e+03,2.50000000e-01,-1.98392917e-12,3.37624130e-01,5.66997681e-02,1.00279000e+02,1.13110000e+01,1.37848000e+05,-1.91127000e-01
2.60000000e-01,8.06400000e+03,2.60000000e-01,-2.06610412e-12,3.37624130e-01,5.66997681e-02,1.00279000e+02,1.13110000e+01,1.37848000e+05,-1.91127000e-01
2.70000000e-01,8.06400000e+03,2.70000000e-01,-2.19921498e-12,3.37624130e-01,5.66997681e-02,1.00279000e+02,1.13110000e+01,1.37848000e+05,-1.91127000e-01
2.80000000e-01,8.06400000e+03,2.80000000e-01,-2.41482647e-12,3.37624130e-01,5.66997681e-02,1.00279000e+02,1.13110000e+01,1.37848000e+05,-1.91127000e-01
2.90000000e-01,8.06400000e+03,2.90000000e-01,-2.76405562e-12,3.37624130e-01,5.66997681e-02,1.00279000e+02,1.13110000e+01,1.37848000e+05,-1.91127000e-01
3.00000000e-01,8.06400000e+03,3.00000000e-01,-3.32967442e-12,3.37624130e-01,5.66997681e-02,1.00279000e+02,1.13110000e+01,1.37848000e+05,-1.91127000e-01
3.10000000e-01,8.06400000e+03,3.10000000e-01,-4.24569472e-12,3.37624130e-01,5.66997681e-02,1.00279000e+02,1.13110000e+01,1.37848000e+05,-1.91127000e-01
3.20000000e-01,8.06400000e+03,3.20000000e-01,-5.72905128e-12,3.37624130e-01,5.66997681e-02,1.00279000e+02,1.13110000e+01,1.37848000e+05,-1.91127000e-01
3.30000000e-01,8.06400000e+03,3.30000000e-01,-8.13083638e-12,3.37624130e-01,5.66997681e-02,1.00279000e+02,1.13110000e+01,1.37848000e+05,-1.91127000e-01
3.40000000e-01,8.06400000e+03,3.40000000e-01,-1.20191100e-11,3.37624130e-01,5.66997681e-02,1.00279000e+02,1.13110000e+01,1.37848000e+05,-1.91127000e-01
3.50000000e-01,8.06400000e+03,3.50000000e-01,-1.83126611e-11,3.37624130e-01,5.66997681e-02,1.00279000e+02,1.13110000e+01,1.37848000e+05,-1.91127000e-01
3.60000000e-01,8.06400000e+03,3.60000000e-01,-2.84968955e-11,3.37624130e-01,5.66997681e-02,1.00279000e+02,1.13110000e+01,1.37848000e+05,-1.91127000e-01
3.70000000e-01,8.06400000e+03,3.70000000e-01,-4.49719223e-11,3.37624130e-01,5.66997681e-02,1.00279000e+02,1.13110000e+01,1.37848000e+05,-1.91127000e-01
3.80000000e-01,8.06400000e+03,3.80000000e-01,-7.16130660e-11,3.37624130e-01,5.66997681e-02,1.00279000e+02,1.13110000e+01,1.37848000e+05,-1.91127000e-01
3.90000000e-01,8.06400000e+03,3.90000000e-01,-1.14671976e-10,3.37624130e-01,5.66997681e-02,1.00279000e+02,1.13110000e+01,1.37848000e+05,-1.91127000e-01
4.00000000e-01,8.06400000e+03,4.00000000e-01,-1.84222323e-10,3.37624130e-01,5.66997681e-02,1.00279000e+02,1.13110000e+01,1.37848000e+05,-1.91127000e-01
4.10000000e-01,8.06400000e+03,4.10000000e-01,-2.96473202e-10,3.37624130e-01,5.66997681e-02,1.00279000e+02,1.13110000e+01,1.37848000e+05,-1.91127000e-01
4.20000000e-01,8.06400000e+03,4.20000000e-01,-4.77459001e-10,3.37624130e-01,5.66997681e-02,1.00279000e+02,1.13110000e+01,1.37848000e+05,-1.91127000e-01
4.30000000e-01,8.06400000e+03,4.30000000e-01,-7.68900799e-10,3.37624130e-01,5.66997681e-02,1.00279000e+02,1.13110000e+01,1.37848000e+05,-1.91127000e-01
4.40000000e-01,8.06400000e+03,4.40000000e-01,-1.23747004e-09,3.37624130e-01,5.66997681e-02,1.00279000e+02,1.13110000e+01,1.37848000e+05,-1.91127000e-01
4.50000000e-01,8.06400000e+03,4.50000000e-01,-1.98933758e-09,3.37624130e-01,5.66997681e-02,1.00279000e+02,1.13110000e+01,1.37848000e+05,-1.91127000e-01
4.60000000e-01,8.06400000e+03,4.60000000e-01,-3.19284803e-09,3.37624130e-01,5.66997681e-02,1.00279000e+02,1.13110000e+01,1.37848000e+05,-1.91127000e-01
4.70000000e-01,8.06400000e+03,4.70000000e-01,-5.11352793e-09,3.37624130e-01,5.66997681e-02,1.00279000e+02,1.13110000e+01,1.37848000e+05,-1.91127000e-01
4.80000000e-01,8.06400000e+03,4.80000000e-01,-8.16753750e-09,3.37624130e-01,5.66997681e-02,1.00279000e+02,1.13110000e+01,1.37848000e+05,-1.91127000e-01
4.90000000e-01,8.06400000e+03,4.90000000e-01,-1.30022302e-08,3.37624130e-01,5.66997681e-02,1.00279000e+02,1.13110000e+01,1.37848000e+05,-1.91127000e-01
5.00000000e-01,8.06400000e+03,5.00000000e-01,-2.06158083e-08,3.37624130e-01,5.66997681e-02,1.00279000e+02,1.13110000e+01,1.37848000e+05,-1.91127000e-01
5.10000000e-01,8.06400000e+03,5.10000000e-01,-3.25322995e-08,3.37624130e-01,5.66997681e-02,1.00279000e+02,1.13110000e+01,1.37848000e+05,-1.91127000e-01
5.20000000e-01,8.06400000e+03,5.20000000e-01,-5.10535049e-08,3.37624130e-01,5.66997681e-02,1.00279000e+02,1.13110000e+01,1.37848000e+05,-1.91127000e-01
5.30000000e-01,8.06400000e+03,5.30000000e-01,-7.96168362e-08,3.37624130e-01,5.66997681e-02,1.00279000e+02,1.13110000e+01,1.37848000e+05,-1.91127000e-01
5.40000000e-01,8.06400000e+03,5.40000000e-01,-1.23298166e-07,3.37624130e-01,5.66997681e-02,1.00279000e+02,1.13110000e+01,1.37848000e+05,-1.91127000e-01
5.50000000e-01,8.06400000e+03,5.50000000e-01,-1.89512745e-07,3.37624130e-01,5.66997681e-02,1.00279000e+02,1.13110000e+01,1.37848000e+05,-1.91127000e-01
5.60000000e-01,8.06400000e+03,5.60000000e-01,-2.88981913e-07,3.37624130e-01,5.66997681e-02,1.00279000e+02,1.13110000e+01,1.37848000e+05,-1.91127000e-01
5.70000000e-01,8.06400000e+03,5.70000000e-01,-4.37034412e-07,3.37624130e-01,5.66997681e-02,1.00279000e+02,1.13110000e+01,1.37848000e+05,-1.91127000e-01
5.80000000e-01,8.06400000e+03,5.80000000e-01,-6.55264468e-07,3.37624130e-01,5.66997681e-02,1.00279000e+02,1.13110000e+01,1.37848000e+05,-1.91127000e-01
5.90000000e-01,8.06400000e+03,5.90000000e-01,-9.73423678e-07,3.37624130e-01,5.66997681e-02,1.00279000e+02,1.13110000e+01,1.37848000e+05,-1.91127000e-01
6.00000000e-01,8.06400000e+03,6.00000000e-01,-1.43115179e-06,3.37624130e-01,5.66997681e-02,1.00279000e+02,1.13110000e+01,1.37848000e+05,-1.91127000e-01
6.10000000e-01,8.06400000e+03,6.10000000e-01,-2.07882015e-06,3.37624130e-01,5.66997681e-02,1.00279000e+02,1.13110000e+01,1.37848000e+05,-1.91127000e-01
6.20000000e-01,8.06400000e+03,6.20000000e-01,-2.97658346e-06,3.37624130e-01,5.66997681e-02,1.00279000e+02,1.13110000e+01,1.37848000e+05,-1.91127000e-01
6.30000000e-01,8.06400000e+03,6.30000000e-01,-4.19098169e-06,3.37624130e-01,5.66997681e-02,1.00279000e+02,1.13110000e+01,1.37848000e+05,-1.91127000e-01
6.40000000e-01,8.06400000e+03,6.40000000e-01,-5.78919267e-06,3.37624130e-01,5.66997681e-02,1.00279000e+02,1.13110000e+01,1.37848000e+05,-1.91127000e-01
6.50000000e-01,8.06400000e+03,6.50000000e-01,-7.83201835e-06,3.37624130e-01,5.66997681e-02,1.00279000e+02,1.13110000e+01,1.37848000e+05,-1.91127000e-01
6.60000000e-01,8.06400000e+03,6.60000000e-01,-1.03673403e-05,3.37624130e-01,5.66997681e-02,1.00279000e+02,1.13110000e+01,1.37848000e+05,-1.91127000e-01
6.70000000e-01,8.06400000e+03,6.70000000e-01,-1.34256926e-05,3.37624130e-01,5.66997681e-02,1.00279000e+02,1.13110000e+01,1.37848000e+05,-1.91127000e-01
6.80000000e-01,8.06400000e+03,6.80000000e-01,-1.70188271e-05,3.37624130e-01,5.66997681e-02,1.00279000e+02,1.13110000e+01,1.37848000e+05,-1.91127000e-01
6.90000000e-01,8.06400000e+03,6.90000000e-01,-2.11411453e-05,3.37624130e-01,5.66997681e-02,1.00279000e+02,1.13110000e+01,1.37848000e+05,-1.91127000e-01
7.00000000e-01,8.06400000e+03,7.00000000e-01,-2.57731233e-05,3.37624130e-01,5.66997681e-02,1.00279000e+02,1.13110000e+01,1.37848000e+05,-1.91127000e-01
7.10000000e-01,8.06400000e+03,7.10000000e-01,-3.08856046e-05,3.37624130e-01,5.66997681e-02,1.00279000e+02,1.13110000e+01,1.37848000e+05,-1.91127000e-01
7.20000000e-01,8.06400000e+03,7.20000000e-01,-3.64439898e-05,3.37624130e-01,5.66997681e-02,1.00279000e+02,1.13110000e+01,1.37848000e+05,-1.91127000e-01
7.30000000e-01,8.06400000e+03,7.30000000e-01,-4.24117191e-05,3.37624130e-01,5.66997681e-02,1.00279000e+02,1.13110000e+01,1.37848000e+05,-1.91127000e-01
7.40000000e-01,8.06400000e+03,7.40000000e-01,-4.87528061e-05,3.37624130e-01,5.66997681e-02,1.00279000e+02,1.13110000e+01,1.37848000e+05,-1.91127000e-01
7.50000000e-01,8.06400000e+03,7.50000000e-01,-5.54334475e-05,3.37624130e-01,5.66997681e-02,1.00279000e+02,1.13110000e+01,1.37848000e+05,-1.91127000e-01
7.60000000e-01,8.06400000e+03,7.60000000e-01,-6.24228732e-05,3.37624130e-01,5.66997681e-02,1.00279000e+02,1.13110000e+01,1.37848000e+05,-1.91127000e-01
7.70000000e-01,8.06400000e+03,7.70000000e-01,-6.96936429e-05,3.37624130e-01,5.66997681e-02,1.00279000e+02,1.13110000e+01,1.37848000e+05,-1.91127000e-01
7.80000000e-01,8.06400000e+03,7.80000000e-01,-7.72215866e-05,3.37624130e-01,5.66997681e-02,1.00279000e+02,1.13110000e+01,1.37848000e+05,-1.91127000e-01
7.90000000e-01,8.06400000e+03,7.90000000e-01,-8.49855405e-05,3.37624130e-01,5.66997681e-02,1.00279000e+02,1.13110000e+01,1.37848000e+05,-1.91127000e-01
8.00000000e-01,8.06400000e+03,8.00000000e-01,-9.29669889e-05,3.37624130e-01,5.66997681e-02,1.00279000e+02,1.13110000e+01,1.37848000e+05,-1.91127000e-01
8.10000000e-01,8.06400000e+03,8.10000000e-01,-1.01149685e-04,3.37624130e-01,5.66997681e-02,1.00279000e+02,1.13110000e+01,1.37848000e+05,-1.91127000e-01
8.20000000e-01,8.06400000e+03,8.20000000e-01,-1.09519289e-04,3.37624130e-01,5.66997681e-02,1.00279000e+02,1.13110000e+01,1.37848000e+05,-1.91127000e-01
8.30000000e-01,8.06400000e+03,8.30000000e-01,-1.18063050e-04,3.37624130e-01,5.66997681e-02,1.00279000e+02,1.13110000e+01,1.37848000e+05,-1.91127000e-01
8.40000000e-01,8.06400000e+03,8.40000000e-01,-1.26769528e-04,3.37624130e-01,5.66997681e-02,1.00279000e+02,1.13110000e+01,1.37848000e+05,-1.91127000e-01
8.50000000e-01,8.06400000e+03,8.50000000e-01,-1.35628375e-04,3.37624130e-01,5.66997681e-02,1.00279000e+02,1.13110000e+01,1.37848000e+05,-1.91127000e-01
8.60000000e-01,8.06400000e+03,8.60000000e-01,-1.44630146e-04,3.37624130e-01,5.66997681e-02,1.00279000e+02,1.13110000e+01,1.37848000e+05,-1.91127000e-01
8.70000000e-01,8.06400000e+03,8.70000000e-01,-1.53766159e-04,3.37624130e-01,5.66997681e-02,1.00279000e+02,1.13110000e+01,1.37848000e+05,-1.91127000e-01
8.80000000e-01,8.06400000e+03,8.80000000e-01,-1.63028379e-04,3.37624130e-01,5.66997681e-02,1.00279000e+02,1.13110000e+01,1.37848000e+05,-1.91127000e-01
8.90000000e-01,8.06400000e+03,8.90000000e-01,-1.72409328e-04,3.37624130e-01,5.66997681e-02,1.00279000e+02,1.13110000e+01,1.37848000e+05,-1.91127000e-01
9.00000000e-01,8.06400000e+03,9.00000000e-01,-1.81902017e-04,3.37624130e-01,5.66997681e-02,1.00279000e+02,1.13110000e+01,1.37848000e+05,-1.91127000e-01
9.10000000e-01,8.06400000e+03,9.10000000e-01,-1.91499888e-04,3.37624130e-01,5.66997681e-02,1.00279000e+02,1.13110000e+01,1.37848000e+05,-1.91127000e-01
9.20000000e-01,8.06400000e+03,9.20000000e-01,-2.01196775e-04,3.37624130e-01,5.66997681e-02,1.00279000e+02,1.13110000e+01,1.37848000e+05,-1.91127000e-01
9.30000000e-01,8.06400000e+03,9.30000000e-01,-2.10986865e-04,3.37624130e-01,5.66997681e-02,1.00279000e+02,1.13110000e+01,1.37848000e+05,-1.91127000e-01
9.40000000e-01,8.06400000e+03,9.40000000e-01,-2.20864673e-04,3.37624130e-01,5.66997681e-02,1.00279000e+02,1.13110000e+01,1.37848000e+05,-1.91127000e-01
9.50000000e-01,8.06400000e+03,9.50000000e-01,-2.30825017e-04,3.37624130e-01,5.66997681e-02,1.00279000e+02,1.13110000e+01,1.37848000e+05,-1.91127000e-01
9.60000000e-01,8.06400000e+03,9.60000000e-01,-2.40862998e-04,3.37624130e-01,5.66997681e-02,1.00279000e+02,1.13110000e+01,1.37848000e+05,-1.91127000e-01
9.70000000e-01,8.06400000e+03,9.70000000e-01,-2.50973980e-04,3.37624130e-01,5.66997681e-02,1.00279000e+02,1.13110000e+01,1.37848000e+05,-1.91127000e-01
9.80000000e-01,8.06400000e+03,9.80000000e-01,-2.61153579e-04,3.37624130e-01,5.66997681e-02,1.00279000e+02,1.13110000e+01,1.37848000e+05,-1.91127000e-01
9.90000000e-01,8.06400000e+03,9.90000000e-01,-2.71397650e-04,3.37624130e-01,5.66997681e-02,1.00279000e+02,1.13110000e+01,1.37848000e+05,-1.91127000e-01
1.00000000e+00,8.06400000e+03,1.00000000e+00,-2.81702268e-04,3.37624130e-01,5.66997681e-02,1.00279000e+02,1.13110000e+01,1.37848000e+05,-1.91127000e-01
1.01000000e+00,8.06400000e+03,1.01000000e+00,-2.92063723e-04,3.37624130e-01,5.66997681e-02,1.00279000e+02,1.13110000e+01,1.37848000e+05,-1.91127000e-01
1.02000000e+00,8.06400000e+03,1.02000000e+00,-3.02478503e-04,3.37624130e-01,5.66997681e-02,1.00279000e+02,1.13110000e+01,1.37848000e+05,-1.91127000e-01
1.03000000e+00,8.06400000e+03,1.03000000e+00,-3.12943286e-04,3.37624130e-01,5.66997681e-02,1.00279000e+02,1.13110000e+01,1.37848000e+05,-1.91127000e-01
1.04000000e+00,8.06400000e+03,1.04000000e+00,-3.23454929e-04,3.37624130e-01,5.66997681e-02,1.00279000e+02,1.13110000e+01,1.37848000e+05,-1.91127000e-01
1.05000000e+00,8.06400000e+03,1.05000000e+00,-3.34010457e-04,3.37624130e-01,5.66997681e-02,1.00279000e+02,1.13110000e+01,1.37848000e+05,-1.91127000e-01
1.06000000e+00,8.06400000e+03,1.06000000e+00,-3.44607057e-04,3.37624130e-01,5.66997681e-02,1.00279000e+02,1.13110000e+01,1.37848000e+05,-1.91127000e-01
1.07000000e+00,8.06400000e+03,1.07000000e+00,-3.55242066e-04,3.37624130e-01,5.66997681e-02,1.00279000e+02,1.13110000e+01,1.37848000e+05,-1.91127000e-01
1.08000000e+00,8.06400000e+03,1.08000000e+00,-3.65912964e-04,3.37624130e-01,5.66997681e-02,1.00279000e+02,1.13110000e+01,1.37848000e+05,-1.91127000e-01
1.09000000e+00,8.06400000e+03,1.09000000e+00,-3.76617365e-04,3.37624130e-01,5.66997681e-02,1.00279000e+02,1.13110000e+01,1.37848000e+05,-1.91127000e-01
1.10000000e+00,8.06400000e+03,1.10000000e+00,-3.87353011e-04,3.37624130e-01,5.66997681e-02,1.00279000e+02,1.13110000e+01,1.37848000e+05,-1.91127000e-01
1.11000000e+00,8.06400000e+03,1.11000000e+00,-3.98117764e-04,3.37624130e-01,5.66997681e-02,1.00279000e+02,1.13110000e+01,1.37848000e+05,-1.91127000e-01
1.12000000e+00,8.06400000e+03,1.12000000e+00,-4.08909599e-04,3.37624130e-01,5.66997681e-02,1.00279000e+02,1.13110000e+01,1.37848000e+05,-1.91127000e-01
1.13000000e+00,8.06400000e+03,1.13000000e+00,-4.19726596e-04,3.37624130e-01,5.66997681e-02,1.00279000e+02,1.13110000e+01,1.37848000e+05,-1.91127000e-01
1.14000000e+00,8.06400000e+03,1.14000000e+00,-4.30566938e-04,3.37624130e-01,5.66997681e-02,1.00279000e+02,1.13110000e+01,1.37848000e+05,-1.91127000e-01
1.15000000e+00,8.06400000e+03,1.15000000e+00,-4.41428901e-04,3.37624130e-01,5.66997681e-02,1.00279000e+02,1.13110000e+01,1.37848000e+05,-1.91127000e-01
1.16000000e+00,8.06400000e+03,1.16000000e+00,-4.52310851e-04,3.37624130e-01,5.66997681e-02,1.00279000e+02,1.13110000e+01,1.37848000e+05,-1.91127000e-01
1.17000000e+00,8.06400000e+03,1.17000000e+00,-4.63211239e-04,3.37624130e-01,5.66997681e-02,1.00279000e+02,1.13110000e+01,1.37848000e+05,-1.91127000e-01
1.18000000e+00,8.06400000e+03,1.18000000e+00,-4.74128594e-04,3.37624130e-01,5.66997681e-02,1.00279000e+02,1.13110000e+01,1.37848000e+05,-1.91127000e-01
1.19000000e+00,8.06400000e+03,1.19000000e+00,-4.85061520e-04,3.37624130e-01,5.66997681e-02,1.00279000e+02,1.13110000e+01,1.37848000e+05,-1.91127000e-01
1.20000000e+00,8.06400000e+03,1.20000000e+00,-4.96008693e-04,3.37624130e-01,5.66997681e-02,1.00279000e+02,1.13110000e+01,1.37848000e+05,-1.91127000e-01
1.21000000e+00,8.06400000e+03,1.21000000e+00,-5.06968855e-04,3.37624130e-01,5.66997681e-02,1.00279000e+02,1.13110000e+01,1.37848000e+05,-1.91127000e-01
1.22000000e+00,8.06400000e+03,1.22000000e+00,-5.17940811e-04,3.37624130e-01,5.66997681e-02,1.00279000e+02,1.13110000e+01,1.37848000e+05,-1.91127000e-01
1.23000000e+00,8.06400000e+03,1.23000000e+00,-5.28923424e-04,3.37624130e-01,5.66997681e-02,1.00279000e+02,1.13110000e+01,1.37848000e+05,-1.91127000e-01
1.24000000e+00,8.06400000e+03,1.24000000e+00,-5.39915615e-04,3.37624130e-01,5.66997681e-02,1.00279000e+02,1.13110000e+01,1.37848000e+05,-1.91127000e-01
1.25000000e+00,8.06400000e+03,1.25000000e+00,-5.50916358e-04,3.37624130e-01,5.66997681e-02,1.00279000e+02,1.13110000e+01,1.37848000e+05,-1.91127000e-01
1.26000000e+00,8.06400000e+03,1.26000000e+00,-5.61924676e-04,3.37624130e-01,5.66997681e-02,1.00279000e+02,1.13110000e+01,1.37848000e+05,-1.91127000e-01
1.27000000e+00,8.06400000e+03,1.27000000e+00,-5.72939639e-04,3.37624130e-01,5.66997681e-02,1.00279000e+02,1.13110000e+01,1.37848000e+05,-1.91127000e-01
1.28000000e+00,8.06400000e+03,1.28000000e+00,-5.83960364e-04,3.37624130e-01,5.66997681e-02,1.00279000e+02,1.13110000e+01,1.37848000e+05,-1.91127000e-01
1.29000000e+00,8.06400000e+03,1.29000000e+00,-5.94986009e-04,3.37624130e-01,5.66997681e-02,1.00279000e+02,1.13110000e+01,1.37848000e+05,-1.91127000e-01
1.30000000e+00,8.06400000e+03,1.30000000e+00,-6.06015770e-04,3.37624130e-01,5.66997681e-02,1.00279000e+02,1.13110000e+01,1.37848000e+05,-1.91127000e-01
1.31000000e+00,8.06400000e+03,1.31000000e+00,-6.17048886e-04,3.37624130e-01,5.66997681e-02,1.00279000e+02,1.13110000e+01,1.37848000e+05,-1.91127000e-01
1.32000000e+00,8.06400000e+03,1.32000000e+00,-6.28084627e-04,3.37624130e-01,5.66997681e-02,1.00279000e+02,1.13110000e+01,1.37848000e+05,-1.91127000e-01
1.33000000e+00,8.06400000e+03,1.33000000e+00,-6.39122300e-04,3.37624130e-01,5.66997681e-02,1.00279000e+02,1.13110000e+01,1.37848000e+05,-1.91127000e-01
1.34000000e+00,8.06400000e+03,1.34000000e+00,-6.50161243e-04,3.37624130e-01,5.66997681e-02,1.00279000e+02,1.13110000e+01,1.37848000e+05,-1.91127000e-01
1.35000000e+00,8.06400000e+03,1.35000000e+00,-6.61200826e-04,3.37624130e-01,5.66997681e-02,1.00279000e+02,1.13110000e+01,1.37848000e+05,-1.91127000e-01
1.36000000e+00,8.06400000e+03,1.36000000e+00,-6.72240446e-04,3.37624130e-01,5.66997681e-02,1.00279000e+02,1.13110000e+01,1.37848000e+05,-1.91127000e-01
1.37000000e+00,8.06400000e+03,1.37000000e+00,-6.83279530e-04,3.37624130e-01,5.66997681e-02,1.00279000e+02,1.13110000e+01,1.37848000e+05,-1.91127000e-01
1.38000000e+00,8.06400000e+03,1.38000000e+00,-6.94317529e-04,3.37624130e-01,5.66997681e-02,1.00279000e+02,1.13110000e+01,1.37848000e+05,-1.91127000e-01
1.39000000e+00,8.06400000e+03,1.39000000e+00,-7.05353922e-04,3.37624130e-01,5.66997681e-02,1.00279000e+02,1.13110000e+01,1.37848000e+05,-1.91127000e-01
1.40000000e+00,8.06400000e+03,1.40000000e+00,-7.16388207e-04,3.37624130e-01,5.66997681e-02,1.00279000e+02,1.13110000e+01,1.37848000e+05,-1.91127000e-01
1.41000000e+00,8.06400000e+03,1.41000000e+00,-7.27419908e-04,3.37624130e-01,5.66997681e-02,1.00279000e+02,1.13110000e+01,1.37848000e+05,-1.91127000e-01
1.42000000e+00,8.06400000e+03,1.42000000e+00,-7.38448570e-04,3.37624130e-01,5.66997681e-02,1.00279000e+02,1.13110000e+01,1.37848000e+05,-1.91127000e-01
1.43000000e+00,8.06400000e+03,1.43000000e+00,-7.49473757e-04,3.37624130e-01,5.66997681e-02,1.00279000e+02,1.13110000e+01,1.37848000e+05,-1.91127000e-01
1.44000000e+00,8.06400000e+03,1.44000000e+00,-7.60495054e-04,3.37624130e-01,5.66997681e-02,1.00279000e+02,1.13110000e+01,1.37848000e+05,-1.91127000e-01
1.45000000e+00,8.06400000e+03,1.45000000e+00,-7.71512063e-04,3.37624130e-01,5.66997681e-02,1.00279000e+02,1.13110000e+01,1.37848000e+05,-1.91127000e-01
1.46000000e+00,8.06400000e+03,1.46000000e+00,-7.82524403e-04,3.37624130e-01,5.66997681e-02,1.00279000e+02,1.13110000e+01,1.37848000e+05,-1.91127000e-01
1.47000000e+00,8.06400000e+03,1.47000000e+00,-7.93531712e-04,3.37624130e-01,5.66997681e-02,1.00279000e+02,1.13110000e+01,1.37848000e+05,-1.91127000e-01
1.48000000e+00,8.06400000e+03,1.48000000e+00,-8.04533642e-04,3.37624130e-01,5.66997681e-02,1.00279000e+02,1.13110000e+01,1.37848000e+05,-1.91127000e-01
1.49000000e+00,8.06400000e+03,1.49000000e+00,-8.15529861e-04,3.37624130e-01,5.66997681e-02,1.00279000e+02,1.13110000e+01,1.37848000e+05,-1.91127000e-01
1.50000000e+00,8.06400000e+03,1.50000000e+00,-8.26520050e-04,3.37624130e-01,5.66997681e-02,1.00279000e+02,1.13110000e+01,1.37848000e+05,-1.91127000e-01
1.51000000e+00,8.06400000e+03,1.51000000e+00,-8.37503906e-04,3.37624130e-01,5.66997681e-02,1.00279000e+02,1.13110000e+01,1.37848000e+05,-1.91127000e-01
1.52000000e+00,8.06400000e+03,1.52000000e+00,-8.48481137e-04,3.37624130e-01,5.66997681e-02,1.00279000e+02,1.13110000e+01,1.37848000e+05,-1.91127000e-01
1.53000000e+00,8.06400000e+03,1.53000000e+00,-8.59451466e-04,3.37624130e-01,5.66997681e-02,1.00279000e+02,1.13110000e+01,1.37848000e+05,-1.91127000e-01
1.54000000e+00,8.06400000e+03,1.54000000e+00,-8.70414624e-04,3.37624130e-01,5.66997681e-02,1.00279000e+02,1.13110000e+01,1.37848000e+05,-1.91127000e-01
1.55000000e+00,8.06400000e+03,1.55000000e+00,-8.81370357e-04,3.37624130e-01,5.66997681e-02,1.00279000e+02,1.13110000e+01,1.37848000e+05,-1.91127000e-01
1.56000000e+00,8.06400000e+03,1.56000000e+00,-8.92318420e-04,3.37624130e-01,5.66997681e-02,1.00279000e+02,1.13110000e+01,1.37848000e+05,-1.91127000e-01
1.57000000e+00,8.06400000e+03,1.57000000e+00,-9.03258579e-04,3.37624130e-01,5.66997681e-02,1.00279000e+02,1.13110000e+01,1.37848000e+05,-1.91127000e-01
1.58000000e+00,8.06400000e+03,1.58000000e+00,-9.14190609e-04,3.37624130e-01,5.66997681e-02,1.00279000e+02,1.13110000e+01,1.37848000e+05,-1.91127000e-01
1.59000000e+00,8.06400000e+03,1.59000000e+00,-9.25114297e-04,3.37624130e-01,5.66997681e-02,1.00279000e+02,1.13110000e+01,1.37848000e+05,-1.91127000e-01
1.60000000e+00,8.06400000e+03,1.60000000e+00,-9.36029435e-04,3.37624130e-01,5.66997681e-02,1.00279000e+02,1.13110000e+01,1.37848000e+05,-1.91127000e-01
1.61000000e+00,8.06400000e+03,1.61000000e+00,-9.46935826e-04,3.37624130e-01,5.66997681e-02,1.00279000e+02,1.13110000e+01,1.37848000e+05,-1.91127000e-01
1.62000000e+00,8.06400000e+03,1.62000000e+00,-9.57833281e-04,3.37624130e-01,5.66997681e-02,1.00279000e+02,1.13110000e+01,1.37848000e+05,-1.91127000e-01
1.63000000e+00,8.06400000e+03,1.63000000e+00,-9.68721619e-04,3.37624130e-01,5.66997681e-02,1.00279000e+02,1.13110000e+01,1.37848000e+05,-1.91127000e-01
1.64000000e+00,8.06400000e+03,1.64000000e+00,-9.79600666e-04,3.37624130e-01,5.66997681e-02,1.00279000e+02,1.13110000e+01,1.37848000e+05,-1.91127000e-01
1.65000000e+00,8.06400000e+03,1.65000000e+00,-9.90470255e-04,3.37624130e-01,5.66997681e-02,1.00279000e+02,1.13110000e+01,1.37848000e+05,-1.91127000e-01
1.66000000e+00,8.06400000e+03,1.66000000e+00,-1.00133023e-03,3.37624130e-01,5.66997681e-02,1.00279000e+02,1.13110000e+01,1.37848000e+05,-1.91127000e-01
1.67000000e+00,8.06400000e+03,1.67000000e+00,-1.01218042e-03,3.37624130e-01,5.66997681e-02,1.00279000e+02,1.13110000e+01,1.37848000e+05,-1.91127000e-01
1.68000000e+00,8.06400000e+03,1.68000000e+00,-1.02302071e-03,3.37624130e-01,5.66997681e-02,1.00279000e+02,1.13110000e+01,1.37848000e+05,-1.91127000e-01
1.69000000e+00,8.06400000e+03,1.69000000e+00,-1.03385093e-03,3.37624130e-01,5.66997681e-02,1.00279000e+02,1.13110000e+01,1.37848000e+05,-1.91127000e-01
1.70000000e+00,8.06400000e+03,1.70000000e+00,-1.04467095e-03,3.37624130e-01,5.66997681e-02,1.00279000e+02,1.13110000e+01,1.37848000e+05,-1.91127000e-01
1.71000000e+00,8.06400000e+03,1.71000000e+00,-1.05548065e-03,3.37624130e-01,5.66997681e-02,1.00279000e+02,1.13110000e+01,1.37848000e+05,-1.91127000e-01
1.72000000e+00,8.06400000e+03,1.72000000e+00,-1.06627989e-03,3.37624130e-01,5.66997681e-02,1.00279000e+02,1.13110000e+01,1.37848000e+05,-1.91127000e-01
1.73000000e+00,8.06400000e+03,1.73000000e+00,-1.07706857e-03,3.37624130e-01,5.66997681e-02,1.00279000e+02,1.13110000e+01,1.37848000e+05,-1.91127000e-01
1.74000000e+00,8.06400000e+03,1.74000000e+00,-1.08784656e-03,3.37624130e-01,5.66997681e-02,1.00279000e+02,1.13110000e+01,1.37848000e+05,-1.91127000e-01
1.75000000e+00,8.06400000e+03,1.75000000e+00,-1.09861375e-03,3.37624130e-01,5.66997681e-02,1.00279000e+02,1.13110000e+01,1.37848000e+05,-1.91127000e-01
1.76000000e+00,8.06400000e+03,1.76000000e+00,-1.10937003e-03,3.37624130e-01,5.66997681e-02,1.00279000e+02,1.13110000e+01,1.37848000e+05,-1.91127000e-01
1.77000000e+00,8.06400000e+03,1.77000000e+00,-1.12011531e-03,3.37624130e-01,5.66997681e-02,1.00279000e+02,1.13110000e+01,1.37848000e+05,-1.91127000e-01
1.78000000e+00,8.06400000e+03,1.78000000e+00,-1.13084948e-03,3.37624130e-01,5.66997681e-02,1.00279000e+02,1.13110000e+01,1.37848000e+05,-1.91127000e-01
1.79000000e+00,8.06400000e+03,1.79000000e+00,-1.14157245e-03,3.37624130e-01,5.66997681e-02,1.00279000e+02,1.13110000e+01,1.37848000e+05,-1.91127000e-01
1.80000000e+00,8.06400000e+03,1.80000000e+00,-1.15228412e-03,3.37624130e-01,5.66997681e-02,1.00279000e+02,1.13110000e+01,1.37848000e+05,-1.91127000e-01
