vSweep,run_num,vd,id,vth0,u0,rdsw,nfactor,vsat,eta0
0.00000000e+00,9.66000000e+03,0.00000000e+00,-1.85137530e-12,3.89205897e-01,7.04549059e-02,1.00279000e+02,1.13110000e+01,1.37848000e+05,-1.91127000e-01
1.00000000e-02,9.66000000e+03,1.00000000e-02,-1.85137535e-12,3.89205897e-01,7.04549059e-02,1.00279000e+02,1.13110000e+01,1.37848000e+05,-1.91127000e-01
2.00000000e-02,9.66000000e+03,2.00000000e-02,-1.85137546e-12,3.89205897e-01,7.04549059e-02,1.00279000e+02,1.13110000e+01,1.37848000e+05,-1.91127000e-01
3.00000000e-02,9.66000000e+03,3.00000000e-02,-1.85137563e-12,3.89205897e-01,7.04549059e-02,1.00279000e+02,1.13110000e+01,1.37848000e+05,-1.91127000e-01
4.00000000e-02,9.66000000e+03,4.00000000e-02,-1.85137589e-12,3.89205897e-01,7.04549059e-02,1.00279000e+02,1.13110000e+01,1.37848000e+05,-1.91127000e-01
5.00000000e-02,9.66000000e+03,5.00000000e-02,-1.85137632e-12,3.89205897e-01,7.04549059e-02,1.00279000e+02,1.13110000e+01,1.37848000e+05,-1.91127000e-01
6.00000000e-02,9.66000000e+03,6.00000000e-02,-1.85137702e-12,3.89205897e-01,7.04549059e-02,1.00279000e+02,1.13110000e+01,1.37848000e+05,-1.91127000e-01
7.00000000e-02,9.66000000e+03,7.00000000e-02,-1.85137814e-12,3.89205897e-01,7.04549059e-02,1.00279000e+02,1.13110000e+01,1.37848000e+05,-1.91127000e-01
8.00000000e-02,9.66000000e+03,8.00000000e-02,-1.85137996e-12,3.89205897e-01,7.04549059e-02,1.00279000e+02,1.13110000e+01,1.37848000e+05,-1.91127000e-01
9.00000000e-02,9.66000000e+03,9.00000000e-02,-1.85138292e-12,3.89205897e-01,7.04549059e-02,1.00279000e+02,1.13110000e+01,1.37848000e+05,-1.91127000e-01
1.00000000e-01,9.66000000e+03,1.00000000e-01,-1.85138770e-12,3.89205897e-01,7.04549059e-02,1.00279000e+02,1.13110000e+01,1.37848000e+05,-1.91127000e-01
1.10000000e-01,9.66000000e+03,1.10000000e-01,-1.85139546e-12,3.89205897e-01,7.04549059e-02,1.00279000e+02,1.13110000e+01,1.37848000e+05,-1.91127000e-01
1.20000000e-01,9.66000000e+03,1.20000000e-01,-1.85140802e-12,3.89205897e-01,7.04549059e-02,1.00279000e+02,1.13110000e+01,1.37848000e+05,-1.91127000e-01
1.30000000e-01,9.66000000e+03,1.30000000e-01,-1.85142837e-12,3.89205897e-01,7.04549059e-02,1.00279000e+02,1.13110000e+01,1.37848000e+05,-1.91127000e-01
1.40000000e-01,9.66000000e+03,1.40000000e-01,-1.85146134e-12,3.89205897e-01,7.04549059e-02,1.00279000e+02,1.13110000e+01,1.37848000e+05,-1.91127000e-01
1.50000000e-01,9.66000000e+03,1.50000000e-01,-1.85151475e-12,3.89205897e-01,7.04549059e-02,1.00279000e+02,1.13110000e+01,1.37848000e+05,-1.91127000e-01
1.60000000e-01,9.66000000e+03,1.60000000e-01,-1.85160128e-12,3.89205897e-01,7.04549059e-02,1.00279000e+02,1.13110000e+01,1.37848000e+05,-1.91127000e-01
1.70000000e-01,9.66000000e+03,1.70000000e-01,-1.85174146e-12,3.89205897e-01,7.04549059e-02,1.00279000e+02,1.13110000e+01,1.37848000e+05,-1.91127000e-01
1.80000000e-01,9.66000000e+03,1.80000000e-01,-1.85196856e-12,3.89205897e-01,7.04549059e-02,1.00279000e+02,1.13110000e+01,1.37848000e+05,-1.91127000e-01
1.90000000e-01,9.66000000e+03,1.90000000e-01,-1.85233648e-12,3.89205897e-01,7.04549059e-02,1.00279000e+02,1.13110000e+01,1.37848000e+05,-1.91127000e-01
2.00000000e-01,9.66000000e+03,2.00000000e-01,-1.85293252e-12,3.89205897e-01,7.04549059e-02,1.00279000e+02,1.13110000e+01,1.37848000e+05,-1.91127000e-01
2.10000000e-01,9.66000000e+03,2.10000000e-01,-1.85389814e-12,3.89205897e-01,7.04549059e-02,1.00279000e+02,1.13110000e+01,1.37848000e+05,-1.91127000e-01
2.20000000e-01,9.66000000e+03,2.20000000e-01,-1.85546248e-12,3.89205897e-01,7.04549059e-02,1.00279000e+02,1.13110000e+01,1.37848000e+05,-1.91127000e-01
2.30000000e-01,9.66000000e+03,2.30000000e-01,-1.85799677e-12,3.89205897e-01,7.04549059e-02,1.00279000e+02,1.13110000e+01,1.37848000e+05,-1.91127000e-01
2.40000000e-01,9.66000000e+03,2.40000000e-01,-1.86210240e-12,3.89205897e-01,7.04549059e-02,1.00279000e+02,1.13110000e+01,1.37848000e+05,-1.91127000e-01
2.50000000e-01,9.66000000e+03,2.50000000e-01,-1.86875360e-12,3.89205897e-01,7.04549059e-02,1.00279000e+02,1.13110000e+01,1.37848000e+05,-1.91127000e-01
2.60000000e-01,9.66000000e+03,2.60000000e-01,-1.87952864e-12,3.89205897e-01,7.04549059e-02,1.00279000e+02,1.13110000e+01,1.37848000e+05,-1.91127000e-01
2.70000000e-01,9.66000000e+03,2.70000000e-01,-1.89698419e-12,3.89205897e-01,7.04549059e-02,1.00279000e+02,1.13110000e+01,1.37848000e+05,-1.91127000e-01
2.80000000e-01,9.66000000e+03,2.80000000e-01,-1.92526187e-12,3.89205897e-01,7.04549059e-02,1.00279000e+02,1.13110000e+01,1.37848000e+05,-1.91127000e-01
2.90000000e-01,9.66000000e+03,2.90000000e-01,-1.97107060e-12,3.89205897e-01,7.04549059e-02,1.00279000e+02,1.13110000e+01,1.37848000e+05,-1.91127000e-01
3.00000000e-01,9.66000000e+03,3.00000000e-01,-2.04527771e-12,3.89205897e-01,7.04549059e-02,1.00279000e+02,1.13110000e+01,1.37848000e+05,-1.91127000e-01
3.10000000e-01,9.66000000e+03,3.10000000e-01,-2.16548573e-12,3.89205897e-01,7.04549059e-02,1.00279000e+02,1.13110000e+01,1.37848000e+05,-1.91127000e-01
3.20000000e-01,9.66000000e+03,3.20000000e-01,-2.36020530e-12,3.89205897e-01,7.04549059e-02,1.00279000e+02,1.13110000e+01,1.37848000e+05,-1.91127000e-01
3.30000000e-01,9.66000000e+03,3.30000000e-01,-2.67561186e-12,3.89205897e-01,7.04549059e-02,1.00279000e+02,1.13110000e+01,1.37848000e+05,-1.91127000e-01
3.40000000e-01,9.66000000e+03,3.40000000e-01,-3.18648466e-12,3.89205897e-01,7.04549059e-02,1.00279000e+02,1.13110000e+01,1.37848000e+05,-1.91127000e-01
3.50000000e-01,9.66000000e+03,3.50000000e-01,-4.01391327e-12,3.89205897e-01,7.04549059e-02,1.00279000e+02,1.13110000e+01,1.37848000e+05,-1.91127000e-01
3.60000000e-01,9.66000000e+03,3.60000000e-01,-5.35395212e-12,3.89205897e-01,7.04549059e-02,1.00279000e+02,1.13110000e+01,1.37848000e+05,-1.91127000e-01
3.70000000e-01,9.66000000e+03,3.70000000e-01,-7.52397824e-12,3.89205897e-01,7.04549059e-02,1.00279000e+02,1.13110000e+01,1.37848000e+05,-1.91127000e-01
3.80000000e-01,9.66000000e+03,3.80000000e-01,-1.10376613e-11,3.89205897e-01,7.04549059e-02,1.00279000e+02,1.13110000e+01,1.37848000e+05,-1.91127000e-01
3.90000000e-01,9.66000000e+03,3.90000000e-01,-1.67261479e-11,3.89205897e-01,7.04549059e-02,1.00279000e+02,1.13110000e+01,1.37848000e+05,-1.91127000e-01
4.00000000e-01,9.66000000e+03,4.00000000e-01,-2.59338286e-11,3.89205897e-01,7.04549059e-02,1.00279000e+02,1.13110000e+01,1.37848000e+05,-1.91127000e-01
4.10000000e-01,9.66000000e+03,4.10000000e-01,-4.08343460e-11,3.89205897e-01,7.04549059e-02,1.00279000e+02,1.13110000e+01,1.37848000e+05,-1.91127000e-01
4.20000000e-01,9.66000000e+03,4.20000000e-01,-6.49401985e-11,3.89205897e-01,7.04549059e-02,1.00279000e+02,1.13110000e+01,1.37848000e+05,-1.91127000e-01
4.30000000e-01,9.66000000e+03,4.30000000e-01,-1.03923521e-10,3.89205897e-01,7.04549059e-02,1.00279000e+02,1.13110000e+01,1.37848000e+05,-1.91127000e-01
4.40000000e-01,9.66000000e+03,4.40000000e-01,-1.66935981e-10,3.89205897e-01,7.04549059e-02,1.00279000e+02,1.13110000e+01,1.37848000e+05,-1.91127000e-01
4.50000000e-01,9.66000000e+03,4.50000000e-01,-2.68727099e-10,3.89205897e-01,7.04549059e-02,1.00279000e+02,1.13110000e+01,1.37848000e+05,-1.91127000e-01
4.60000000e-01,9.66000000e+03,4.60000000e-01,-4.33035462e-10,3.89205897e-01,7.04549059e-02,1.00279000e+02,1.13110000e+01,1.37848000e+05,-1.91127000e-01
4.70000000e-01,9.66000000e+03,4.70000000e-01,-6.98000643e-10,3.89205897e-01,7.04549059e-02,1.00279000e+02,1.13110000e+01,1.37848000e+05,-1.91127000e-01
4.80000000e-01,9.66000000e+03,4.80000000e-01,-1.12476584e-09,3.89205897e-01,7.04549059e-02,1.00279000e+02,1.13110000e+01,1.37848000e+05,-1.91127000e-01
4.90000000e-01,9.66000000e+03,4.90000000e-01,-1.81108512e-09,3.89205897e-01,7.04549059e-02,1.00279000e+02,1.13110000e+01,1.37848000e+05,-1.91127000e-01
5.00000000e-01,9.66000000e+03,5.00000000e-01,-2.91271544e-09,3.89205897e-01,7.04549059e-02,1.00279000e+02,1.13110000e+01,1.37848000e+05,-1.91127000e-01
5.10000000e-01,9.66000000e+03,5.10000000e-01,-4.67679439e-09,3.89205897e-01,7.04549059e-02,1.00279000e+02,1.13110000e+01,1.37848000e+05,-1.91127000e-01
5.20000000e-01,9.66000000e+03,5.20000000e-01,-7.49344336e-09,3.89205897e-01,7.04549059e-02,1.00279000e+02,1.13110000e+01,1.37848000e+05,-1.91127000e-01
5.30000000e-01,9.66000000e+03,5.30000000e-01,-1.19746730e-08,3.89205897e-01,7.04549059e-02,1.00279000e+02,1.13110000e+01,1.37848000e+05,-1.91127000e-01
5.40000000e-01,9.66000000e+03,5.40000000e-01,-1.90734825e-08,3.89205897e-01,7.04549059e-02,1.00279000e+02,1.13110000e+01,1.37848000e+05,-1.91127000e-01
5.50000000e-01,9.66000000e+03,5.50000000e-01,-3.02609899e-08,3.89205897e-01,7.04549059e-02,1.00279000e+02,1.13110000e+01,1.37848000e+05,-1.91127000e-01
5.60000000e-01,9.66000000e+03,5.60000000e-01,-4.77856415e-08,3.89205897e-01,7.04549059e-02,1.00279000e+02,1.13110000e+01,1.37848000e+05,-1.91127000e-01
5.70000000e-01,9.66000000e+03,5.70000000e-01,-7.50462896e-08,3.89205897e-01,7.04549059e-02,1.00279000e+02,1.13110000e+01,1.37848000e+05,-1.91127000e-01
5.80000000e-01,9.66000000e+03,5.80000000e-01,-1.17120819e-07,3.89205897e-01,7.04549059e-02,1.00279000e+02,1.13110000e+01,1.37848000e+05,-1.91127000e-01
5.90000000e-01,9.66000000e+03,5.90000000e-01,-1.81505259e-07,3.89205897e-01,7.04549059e-02,1.00279000e+02,1.13110000e+01,1.37848000e+05,-1.91127000e-01
6.00000000e-01,9.66000000e+03,6.00000000e-01,-2.79135751e-07,3.89205897e-01,7.04549059e-02,1.00279000e+02,1.13110000e+01,1.37848000e+05,-1.91127000e-01
6.10000000e-01,9.66000000e+03,6.10000000e-01,-4.25783241e-07,3.89205897e-01,7.04549059e-02,1.00279000e+02,1.13110000e+01,1.37848000e+05,-1.91127000e-01
6.20000000e-01,9.66000000e+03,6.20000000e-01,-6.43908807e-07,3.89205897e-01,7.04549059e-02,1.00279000e+02,1.13110000e+01,1.37848000e+05,-1.91127000e-01
6.30000000e-01,9.66000000e+03,6.30000000e-01,-9.64997617e-07,3.89205897e-01,7.04549059e-02,1.00279000e+02,1.13110000e+01,1.37848000e+05,-1.91127000e-01
6.40000000e-01,9.66000000e+03,6.40000000e-01,-1.43217673e-06,3.89205897e-01,7.04549059e-02,1.00279000e+02,1.13110000e+01,1.37848000e+05,-1.91127000e-01
6.50000000e-01,9.66000000e+03,6.50000000e-01,-2.10251820e-06,3.89205897e-01,7.04549059e-02,1.00279000e+02,1.13110000e+01,1.37848000e+05,-1.91127000e-01
6.60000000e-01,9.66000000e+03,6.60000000e-01,-3.04792671e-06,3.89205897e-01,7.04549059e-02,1.00279000e+02,1.13110000e+01,1.37848000e+05,-1.91127000e-01
6.70000000e-01,9.66000000e+03,6.70000000e-01,-4.35323364e-06,3.89205897e-01,7.04549059e-02,1.00279000e+02,1.13110000e+01,1.37848000e+05,-1.91127000e-01
6.80000000e-01,9.66000000e+03,6.80000000e-01,-6.11050690e-06,3.89205897e-01,7.04549059e-02,1.00279000e+02,1.13110000e+01,1.37848000e+05,-1.91127000e-01
6.90000000e-01,9.66000000e+03,6.90000000e-01,-8.40981107e-06,3.89205897e-01,7.04549059e-02,1.00279000e+02,1.13110000e+01,1.37848000e+05,-1.91127000e-01
7.00000000e-01,9.66000000e+03,7.00000000e-01,-1.13282630e-05,3.89205897e-01,7.04549059e-02,1.00279000e+02,1.13110000e+01,1.37848000e+05,-1.91127000e-01
7.10000000e-01,9.66000000e+03,7.10000000e-01,-1.49202851e-05,3.89205897e-01,7.04549059e-02,1.00279000e+02,1.13110000e+01,1.37848000e+05,-1.91127000e-01
7.20000000e-01,9.66000000e+03,7.20000000e-01,-1.92117324e-05,3.89205897e-01,7.04549059e-02,1.00279000e+02,1.13110000e+01,1.37848000e+05,-1.91127000e-01
7.30000000e-01,9.66000000e+03,7.30000000e-01,-2.41991517e-05,3.89205897e-01,7.04549059e-02,1.00279000e+02,1.13110000e+01,1.37848000e+05,-1.91127000e-01
7.40000000e-01,9.66000000e+03,7.40000000e-01,-2.98536605e-05,3.89205897e-01,7.04549059e-02,1.00279000e+02,1.13110000e+01,1.37848000e+05,-1.91127000e-01
7.50000000e-01,9.66000000e+03,7.50000000e-01,-3.61277042e-05,3.89205897e-01,7.04549059e-02,1.00279000e+02,1.13110000e+01,1.37848000e+05,-1.91127000e-01
7.60000000e-01,9.66000000e+03,7.60000000e-01,-4.29626532e-05,3.89205897e-01,7.04549059e-02,1.00279000e+02,1.13110000e+01,1.37848000e+05,-1.91127000e-01
7.70000000e-01,9.66000000e+03,7.70000000e-01,-5.02956439e-05,3.89205897e-01,7.04549059e-02,1.00279000e+02,1.13110000e+01,1.37848000e+05,-1.91127000e-01
7.80000000e-01,9.66000000e+03,7.80000000e-01,-5.80648039e-05,3.89205897e-01,7.04549059e-02,1.00279000e+02,1.13110000e+01,1.37848000e+05,-1.91127000e-01
7.90000000e-01,9.66000000e+03,7.90000000e-01,-6.62126626e-05,3.89205897e-01,7.04549059e-02,1.00279000e+02,1.13110000e+01,1.37848000e+05,-1.91127000e-01
8.00000000e-01,9.66000000e+03,8.00000000e-01,-7.46879691e-05,3.89205897e-01,7.04549059e-02,1.00279000e+02,1.13110000e+01,1.37848000e+05,-1.91127000e-01
8.10000000e-01,9.66000000e+03,8.10000000e-01,-8.34463146e-05,3.89205897e-01,7.04549059e-02,1.00279000e+02,1.13110000e+01,1.37848000e+05,-1.91127000e-01
8.20000000e-01,9.66000000e+03,8.20000000e-01,-9.24499730e-05,3.89205897e-01,7.04549059e-02,1.00279000e+02,1.13110000e+01,1.37848000e+05,-1.91127000e-01
8.30000000e-01,9.66000000e+03,8.30000000e-01,-1.01667298e-04,3.89205897e-01,7.04549059e-02,1.00279000e+02,1.13110000e+01,1.37848000e+05,-1.91127000e-01
8.40000000e-01,9.66000000e+03,8.40000000e-01,-1.11071923e-04,3.89205897e-01,7.04549059e-02,1.00279000e+02,1.13110000e+01,1.37848000e+05,-1.91127000e-01
8.50000000e-01,9.66000000e+03,8.50000000e-01,-1.20641924e-04,3.89205897e-01,7.04549059e-02,1.00279000e+02,1.13110000e+01,1.37848000e+05,-1.91127000e-01
8.60000000e-01,9.66000000e+03,8.60000000e-01,-1.30359027e-04,3.89205897e-01,7.04549059e-02,1.00279000e+02,1.13110000e+01,1.37848000e+05,-1.91127000e-01
8.70000000e-01,9.66000000e+03,8.70000000e-01,-1.40207920e-04,3.89205897e-01,7.04549059e-02,1.00279000e+02,1.13110000e+01,1.37848000e+05,-1.91127000e-01
8.80000000e-01,9.66000000e+03,8.80000000e-01,-1.50175665e-04,3.89205897e-01,7.04549059e-02,1.00279000e+02,1.13110000e+01,1.37848000e+05,-1.91127000e-01
8.90000000e-01,9.66000000e+03,8.90000000e-01,-1.60251223e-04,3.89205897e-01,7.04549059e-02,1.00279000e+02,1.13110000e+01,1.37848000e+05,-1.91127000e-01
9.00000000e-01,9.66000000e+03,9.00000000e-01,-1.70425067e-04,3.89205897e-01,7.04549059e-02,1.00279000e+02,1.13110000e+01,1.37848000e+05,-1.91127000e-01
9.10000000e-01,9.66000000e+03,9.10000000e-01,-1.80688885e-04,3.89205897e-01,7.04549059e-02,1.00279000e+02,1.13110000e+01,1.37848000e+05,-1.91127000e-01
9.20000000e-01,9.66000000e+03,9.20000000e-01,-1.91035340e-04,3.89205897e-01,7.04549059e-02,1.00279000e+02,1.13110000e+01,1.37848000e+05,-1.91127000e-01
9.30000000e-01,9.66000000e+03,9.30000000e-01,-2.01457891e-04,3.89205897e-01,7.04549059e-02,1.00279000e+02,1.13110000e+01,1.37848000e+05,-1.91127000e-01
9.40000000e-01,9.66000000e+03,9.40000000e-01,-2.11950651e-04,3.89205897e-01,7.04549059e-02,1.00279000e+02,1.13110000e+01,1.37848000e+05,-1.91127000e-01
9.50000000e-01,9.66000000e+03,9.50000000e-01,-2.22508278e-04,3.89205897e-01,7.04549059e-02,1.00279000e+02,1.13110000e+01,1.37848000e+05,-1.91127000e-01
9.60000000e-01,9.66000000e+03,9.60000000e-01,-2.33125895e-04,3.89205897e-01,7.04549059e-02,1.00279000e+02,1.13110000e+01,1.37848000e+05,-1.91127000e-01
9.70000000e-01,9.66000000e+03,9.70000000e-01,-2.43799017e-04,3.89205897e-01,7.04549059e-02,1.00279000e+02,1.13110000e+01,1.37848000e+05,-1.91127000e-01
9.80000000e-01,9.66000000e+03,9.80000000e-01,-2.54523509e-04,3.89205897e-01,7.04549059e-02,1.00279000e+02,1.13110000e+01,1.37848000e+05,-1.91127000e-01
9.90000000e-01,9.66000000e+03,9.90000000e-01,-2.65295542e-04,3.89205897e-01,7.04549059e-02,1.00279000e+02,1.13110000e+01,1.37848000e+05,-1.91127000e-01
1.00000000e+00,9.66000000e+03,1.00000000e+00,-2.76111564e-04,3.89205897e-01,7.04549059e-02,1.00279000e+02,1.13110000e+01,1.37848000e+05,-1.91127000e-01
1.01000000e+00,9.66000000e+03,1.01000000e+00,-2.86968268e-04,3.89205897e-01,7.04549059e-02,1.00279000e+02,1.13110000e+01,1.37848000e+05,-1.91127000e-01
1.02000000e+00,9.66000000e+03,1.02000000e+00,-2.97862573e-04,3.89205897e-01,7.04549059e-02,1.00279000e+02,1.13110000e+01,1.37848000e+05,-1.91127000e-01
1.03000000e+00,9.66000000e+03,1.03000000e+00,-3.08791606e-04,3.89205897e-01,7.04549059e-02,1.00279000e+02,1.13110000e+01,1.37848000e+05,-1.91127000e-01
1.04000000e+00,9.66000000e+03,1.04000000e+00,-3.19752683e-04,3.89205897e-01,7.04549059e-02,1.00279000e+02,1.13110000e+01,1.37848000e+05,-1.91127000e-01
1.05000000e+00,9.66000000e+03,1.05000000e+00,-3.30743296e-04,3.89205897e-01,7.04549059e-02,1.00279000e+02,1.13110000e+01,1.37848000e+05,-1.91127000e-01
1.06000000e+00,9.66000000e+03,1.06000000e+00,-3.41761101e-04,3.89205897e-01,7.04549059e-02,1.00279000e+02,1.13110000e+01,1.37848000e+05,-1.91127000e-01
1.07000000e+00,9.66000000e+03,1.07000000e+00,-3.52803907e-04,3.89205897e-01,7.04549059e-02,1.00279000e+02,1.13110000e+01,1.37848000e+05,-1.91127000e-01
1.08000000e+00,9.66000000e+03,1.08000000e+00,-3.63869664e-04,3.89205897e-01,7.04549059e-02,1.00279000e+02,1.13110000e+01,1.37848000e+05,-1.91127000e-01
1.09000000e+00,9.66000000e+03,1.09000000e+00,-3.74956452e-04,3.89205897e-01,7.04549059e-02,1.00279000e+02,1.13110000e+01,1.37848000e+05,-1.91127000e-01
1.10000000e+00,9.66000000e+03,1.10000000e+00,-3.86062476e-04,3.89205897e-01,7.04549059e-02,1.00279000e+02,1.13110000e+01,1.37848000e+05,-1.91127000e-01
1.11000000e+00,9.66000000e+03,1.11000000e+00,-3.97186055e-04,3.89205897e-01,7.04549059e-02,1.00279000e+02,1.13110000e+01,1.37848000e+05,-1.91127000e-01
1.12000000e+00,9.66000000e+03,1.12000000e+00,-4.08325615e-04,3.89205897e-01,7.04549059e-02,1.00279000e+02,1.13110000e+01,1.37848000e+05,-1.91127000e-01
1.13000000e+00,9.66000000e+03,1.13000000e+00,-4.19479681e-04,3.89205897e-01,7.04549059e-02,1.00279000e+02,1.13110000e+01,1.37848000e+05,-1.91127000e-01
1.14000000e+00,9.66000000e+03,1.14000000e+00,-4.30646873e-04,3.89205897e-01,7.04549059e-02,1.00279000e+02,1.13110000e+01,1.37848000e+05,-1.91127000e-01
1.15000000e+00,9.66000000e+03,1.15000000e+00,-4.41825896e-04,3.89205897e-01,7.04549059e-02,1.00279000e+02,1.13110000e+01,1.37848000e+05,-1.91127000e-01
1.16000000e+00,9.66000000e+03,1.16000000e+00,-4.53015537e-04,3.89205897e-01,7.04549059e-02,1.00279000e+02,1.13110000e+01,1.37848000e+05,-1.91127000e-01
1.17000000e+00,9.66000000e+03,1.17000000e+00,-4.64214659e-04,3.89205897e-01,7.04549059e-02,1.00279000e+02,1.13110000e+01,1.37848000e+05,-1.91127000e-01
1.18000000e+00,9.66000000e+03,1.18000000e+00,-4.75422196e-04,3.89205897e-01,7.04549059e-02,1.00279000e+02,1.13110000e+01,1.37848000e+05,-1.91127000e-01
1.19000000e+00,9.66000000e+03,1.19000000e+00,-4.86637146e-04,3.89205897e-01,7.04549059e-02,1.00279000e+02,1.13110000e+01,1.37848000e+05,-1.91127000e-01
1.20000000e+00,9.66000000e+03,1.20000000e+00,-4.97858571e-04,3.89205897e-01,7.04549059e-02,1.00279000e+02,1.13110000e+01,1.37848000e+05,-1.91127000e-01
1.21000000e+00,9.66000000e+03,1.21000000e+00,-5.09085590e-04,3.89205897e-01,7.04549059e-02,1.00279000e+02,1.13110000e+01,1.37848000e+05,-1.91127000e-01
1.22000000e+00,9.66000000e+03,1.22000000e+00,-5.20317375e-04,3.89205897e-01,7.04549059e-02,1.00279000e+02,1.13110000e+01,1.37848000e+05,-1.91127000e-01
1.23000000e+00,9.66000000e+03,1.23000000e+00,-5.31553149e-04,3.89205897e-01,7.04549059e-02,1.00279000e+02,1.13110000e+01,1.37848000e+05,-1.91127000e-01
1.24000000e+00,9.66000000e+03,1.24000000e+00,-5.42792181e-04,3.89205897e-01,7.04549059e-02,1.00279000e+02,1.13110000e+01,1.37848000e+05,-1.91127000e-01
1.25000000e+00,9.66000000e+03,1.25000000e+00,-5.54033786e-04,3.89205897e-01,7.04549059e-02,1.00279000e+02,1.13110000e+01,1.37848000e+05,-1.91127000e-01
1.26000000e+00,9.66000000e+03,1.26000000e+00,-5.65277318e-04,3.89205897e-01,7.04549059e-02,1.00279000e+02,1.13110000e+01,1.37848000e+05,-1.91127000e-01
1.27000000e+00,9.66000000e+03,1.27000000e+00,-5.76522171e-04,3.89205897e-01,7.04549059e-02,1.00279000e+02,1.13110000e+01,1.37848000e+05,-1.91127000e-01
1.28000000e+00,9.66000000e+03,1.28000000e+00,-5.87767774e-04,3.89205897e-01,7.04549059e-02,1.00279000e+02,1.13110000e+01,1.37848000e+05,-1.91127000e-01
1.29000000e+00,9.66000000e+03,1.29000000e+00,-5.99013590e-04,3.89205897e-01,7.04549059e-02,1.00279000e+02,1.13110000e+01,1.37848000e+05,-1.91127000e-01
1.30000000e+00,9.66000000e+03,1.30000000e+00,-6.10259114e-04,3.89205897e-01,7.04549059e-02,1.00279000e+02,1.13110000e+01,1.37848000e+05,-1.91127000e-01
1.31000000e+00,9.66000000e+03,1.31000000e+00,-6.21503870e-04,3.89205897e-01,7.04549059e-02,1.00279000e+02,1.13110000e+01,1.37848000e+05,-1.91127000e-01
1.32000000e+00,9.66000000e+03,1.32000000e+00,-6.32747411e-04,3.89205897e-01,7.04549059e-02,1.00279000e+02,1.13110000e+01,1.37848000e+05,-1.91127000e-01
1.33000000e+00,9.66000000e+03,1.33000000e+00,-6.43989316e-04,3.89205897e-01,7.04549059e-02,1.00279000e+02,1.13110000e+01,1.37848000e+05,-1.91127000e-01
1.34000000e+00,9.66000000e+03,1.34000000e+00,-6.55229188e-04,3.89205897e-01,7.04549059e-02,1.00279000e+02,1.13110000e+01,1.37848000e+05,-1.91127000e-01
1.35000000e+00,9.66000000e+03,1.35000000e+00,-6.66466651e-04,3.89205897e-01,7.04549059e-02,1.00279000e+02,1.13110000e+01,1.37848000e+05,-1.91127000e-01
1.36000000e+00,9.66000000e+03,1.36000000e+00,-6.77701355e-04,3.89205897e-01,7.04549059e-02,1.00279000e+02,1.13110000e+01,1.37848000e+05,-1.91127000e-01
1.37000000e+00,9.66000000e+03,1.37000000e+00,-6.88932967e-04,3.89205897e-01,7.04549059e-02,1.00279000e+02,1.13110000e+01,1.37848000e+05,-1.91127000e-01
1.38000000e+00,9.66000000e+03,1.38000000e+00,-7.00161175e-04,3.89205897e-01,7.04549059e-02,1.00279000e+02,1.13110000e+01,1.37848000e+05,-1.91127000e-01
1.39000000e+00,9.66000000e+03,1.39000000e+00,-7.11385683e-04,3.89205897e-01,7.04549059e-02,1.00279000e+02,1.13110000e+01,1.37848000e+05,-1.91127000e-01
1.40000000e+00,9.66000000e+03,1.40000000e+00,-7.22606214e-04,3.89205897e-01,7.04549059e-02,1.00279000e+02,1.13110000e+01,1.37848000e+05,-1.91127000e-01
1.41000000e+00,9.66000000e+03,1.41000000e+00,-7.33822507e-04,3.89205897e-01,7.04549059e-02,1.00279000e+02,1.13110000e+01,1.37848000e+05,-1.91127000e-01
1.42000000e+00,9.66000000e+03,1.42000000e+00,-7.45034313e-04,3.89205897e-01,7.04549059e-02,1.00279000e+02,1.13110000e+01,1.37848000e+05,-1.91127000e-01
1.43000000e+00,9.66000000e+03,1.43000000e+00,-7.56241402e-04,3.89205897e-01,7.04549059e-02,1.00279000e+02,1.13110000e+01,1.37848000e+05,-1.91127000e-01
1.44000000e+00,9.66000000e+03,1.44000000e+00,-7.67443552e-04,3.89205897e-01,7.04549059e-02,1.00279000e+02,1.13110000e+01,1.37848000e+05,-1.91127000e-01
1.45000000e+00,9.66000000e+03,1.45000000e+00,-7.78640559e-04,3.89205897e-01,7.04549059e-02,1.00279000e+02,1.13110000e+01,1.37848000e+05,-1.91127000e-01
1.46000000e+00,9.66000000e+03,1.46000000e+00,-7.89832227e-04,3.89205897e-01,7.04549059e-02,1.00279000e+02,1.13110000e+01,1.37848000e+05,-1.91127000e-01
1.47000000e+00,9.66000000e+03,1.47000000e+00,-8.01018372e-04,3.89205897e-01,7.04549059e-02,1.00279000e+02,1.13110000e+01,1.37848000e+05,-1.91127000e-01
1.48000000e+00,9.66000000e+03,1.48000000e+00,-8.12198822e-04,3.89205897e-01,7.04549059e-02,1.00279000e+02,1.13110000e+01,1.37848000e+05,-1.91127000e-01
1.49000000e+00,9.66000000e+03,1.49000000e+00,-8.23373413e-04,3.89205897e-01,7.04549059e-02,1.00279000e+02,1.13110000e+01,1.37848000e+05,-1.91127000e-01
1.50000000e+00,9.66000000e+03,1.50000000e+00,-8.34541992e-04,3.89205897e-01,7.04549059e-02,1.00279000e+02,1.13110000e+01,1.37848000e+05,-1.91127000e-01
1.51000000e+00,9.66000000e+03,1.51000000e+00,-8.45704415e-04,3.89205897e-01,7.04549059e-02,1.00279000e+02,1.13110000e+01,1.37848000e+05,-1.91127000e-01
1.52000000e+00,9.66000000e+03,1.52000000e+00,-8.56860545e-04,3.89205897e-01,7.04549059e-02,1.00279000e+02,1.13110000e+01,1.37848000e+05,-1.91127000e-01
1.53000000e+00,9.66000000e+03,1.53000000e+00,-8.68010253e-04,3.89205897e-01,7.04549059e-02,1.00279000e+02,1.13110000e+01,1.37848000e+05,-1.91127000e-01
1.54000000e+00,9.66000000e+03,1.54000000e+00,-8.79153420e-04,3.89205897e-01,7.04549059e-02,1.00279000e+02,1.13110000e+01,1.37848000e+05,-1.91127000e-01
1.55000000e+00,9.66000000e+03,1.55000000e+00,-8.90289931e-04,3.89205897e-01,7.04549059e-02,1.00279000e+02,1.13110000e+01,1.37848000e+05,-1.91127000e-01
1.56000000e+00,9.66000000e+03,1.56000000e+00,-9.01419678e-04,3.89205897e-01,7.04549059e-02,1.00279000e+02,1.13110000e+01,1.37848000e+05,-1.91127000e-01
1.57000000e+00,9.66000000e+03,1.57000000e+00,-9.12542562e-04,3.89205897e-01,7.04549059e-02,1.00279000e+02,1.13110000e+01,1.37848000e+05,-1.91127000e-01
1.58000000e+00,9.66000000e+03,1.58000000e+00,-9.23658487e-04,3.89205897e-01,7.04549059e-02,1.00279000e+02,1.13110000e+01,1.37848000e+05,-1.91127000e-01
1.59000000e+00,9.66000000e+03,1.59000000e+00,-9.34767365e-04,3.89205897e-01,7.04549059e-02,1.00279000e+02,1.13110000e+01,1.37848000e+05,-1.91127000e-01
1.60000000e+00,9.66000000e+03,1.60000000e+00,-9.45869110e-04,3.89205897e-01,7.04549059e-02,1.00279000e+02,1.13110000e+01,1.37848000e+05,-1.91127000e-01
1.61000000e+00,9.66000000e+03,1.61000000e+00,-9.56963645e-04,3.89205897e-01,7.04549059e-02,1.00279000e+02,1.13110000e+01,1.37848000e+05,-1.91127000e-01
1.62000000e+00,9.66000000e+03,1.62000000e+00,-9.68050896e-04,3.89205897e-01,7.04549059e-02,1.00279000e+02,1.13110000e+01,1.37848000e+05,-1.91127000e-01
1.63000000e+00,9.66000000e+03,1.63000000e+00,-9.79130791e-04,3.89205897e-01,7.04549059e-02,1.00279000e+02,1.13110000e+01,1.37848000e+05,-1.91127000e-01
1.64000000e+00,9.66000000e+03,1.64000000e+00,-9.90203267e-04,3.89205897e-01,7.04549059e-02,1.00279000e+02,1.13110000e+01,1.37848000e+05,-1.91127000e-01
1.65000000e+00,9.66000000e+03,1.65000000e+00,-1.00126826e-03,3.89205897e-01,7.04549059e-02,1.00279000e+02,1.13110000e+01,1.37848000e+05,-1.91127000e-01
1.66000000e+00,9.66000000e+03,1.66000000e+00,-1.01232572e-03,3.89205897e-01,7.04549059e-02,1.00279000e+02,1.13110000e+01,1.37848000e+05,-1.91127000e-01
1.67000000e+00,9.66000000e+03,1.67000000e+00,-1.02337558e-03,3.89205897e-01,7.04549059e-02,1.00279000e+02,1.13110000e+01,1.37848000e+05,-1.91127000e-01
1.68000000e+00,9.66000000e+03,1.68000000e+00,-1.03441780e-03,3.89205897e-01,7.04549059e-02,1.00279000e+02,1.13110000e+01,1.37848000e+05,-1.91127000e-01
1.69000000e+00,9.66000000e+03,1.69000000e+00,-1.04545232e-03,3.89205897e-01,7.04549059e-02,1.00279000e+02,1.13110000e+01,1.37848000e+05,-1.91127000e-01
1.70000000e+00,9.66000000e+03,1.70000000e+00,-1.05647911e-03,3.89205897e-01,7.04549059e-02,1.00279000e+02,1.13110000e+01,1.37848000e+05,-1.91127000e-01
1.71000000e+00,9.66000000e+03,1.71000000e+00,-1.06749812e-03,3.89205897e-01,7.04549059e-02,1.00279000e+02,1.13110000e+01,1.37848000e+05,-1.91127000e-01
1.72000000e+00,9.66000000e+03,1.72000000e+00,-1.07850931e-03,3.89205897e-01,7.04549059e-02,1.00279000e+02,1.13110000e+01,1.37848000e+05,-1.91127000e-01
1.73000000e+00,9.66000000e+03,1.73000000e+00,-1.08951264e-03,3.89205897e-01,7.04549059e-02,1.00279000e+02,1.13110000e+01,1.37848000e+05,-1.91127000e-01
1.74000000e+00,9.66000000e+03,1.74000000e+00,-1.10050809e-03,3.89205897e-01,7.04549059e-02,1.00279000e+02,1.13110000e+01,1.37848000e+05,-1.91127000e-01
1.75000000e+00,9.66000000e+03,1.75000000e+00,-1.11149561e-03,3.89205897e-01,7.04549059e-02,1.00279000e+02,1.13110000e+01,1.37848000e+05,-1.91127000e-01
1.76000000e+00,9.66000000e+03,1.76000000e+00,-1.12247518e-03,3.89205897e-01,7.04549059e-02,1.00279000e+02,1.13110000e+01,1.37848000e+05,-1.91127000e-01
1.77000000e+00,9.66000000e+03,1.77000000e+00,-1.13344677e-03,3.89205897e-01,7.04549059e-02,1.00279000e+02,1.13110000e+01,1.37848000e+05,-1.91127000e-01
1.78000000e+00,9.66000000e+03,1.78000000e+00,-1.14441034e-03,3.89205897e-01,7.04549059e-02,1.00279000e+02,1.13110000e+01,1.37848000e+05,-1.91127000e-01
1.79000000e+00,9.66000000e+03,1.79000000e+00,-1.15536589e-03,3.89205897e-01,7.04549059e-02,1.00279000e+02,1.13110000e+01,1.37848000e+05,-1.91127000e-01
1.80000000e+00,9.66000000e+03,1.80000000e+00,-1.16631338e-03,3.89205897e-01,7.04549059e-02,1.00279000e+02,1.13110000e+01,1.37848000e+05,-1.91127000e-01
