vSweep,run_num,vd,id,vth0,u0,rdsw,nfactor,vsat,eta0
0.00000000e+00,6.30100000e+03,1.85000000e+00,-4.30131154e-43,3.37035568e-01,5.14428773e-02,9.83436400e+01,3.71981968e+00,9.46688637e+04,-1.83374285e-01
1.00000000e-02,6.30100000e+03,1.85000000e+00,-3.54346121e-05,3.37035568e-01,5.14428773e-02,9.83436400e+01,3.71981968e+00,9.46688637e+04,-1.83374285e-01
2.00000000e-02,6.30100000e+03,1.85000000e+00,-7.01730113e-05,3.37035568e-01,5.14428773e-02,9.83436400e+01,3.71981968e+00,9.46688637e+04,-1.83374285e-01
3.00000000e-02,6.30100000e+03,1.85000000e+00,-1.04216525e-04,3.37035568e-01,5.14428773e-02,9.83436400e+01,3.71981968e+00,9.46688637e+04,-1.83374285e-01
4.00000000e-02,6.30100000e+03,1.85000000e+00,-1.37565586e-04,3.37035568e-01,5.14428773e-02,9.83436400e+01,3.71981968e+00,9.46688637e+04,-1.83374285e-01
5.00000000e-02,6.30100000e+03,1.85000000e+00,-1.70219610e-04,3.37035568e-01,5.14428773e-02,9.83436400e+01,3.71981968e+00,9.46688637e+04,-1.83374285e-01
6.00000000e-02,6.30100000e+03,1.85000000e+00,-2.02176879e-04,3.37035568e-01,5.14428773e-02,9.83436400e+01,3.71981968e+00,9.46688637e+04,-1.83374285e-01
7.00000000e-02,6.30100000e+03,1.85000000e+00,-2.33434409e-04,3.37035568e-01,5.14428773e-02,9.83436400e+01,3.71981968e+00,9.46688637e+04,-1.83374285e-01
8.00000000e-02,6.30100000e+03,1.85000000e+00,-2.63987821e-04,3.37035568e-01,5.14428773e-02,9.83436400e+01,3.71981968e+00,9.46688637e+04,-1.83374285e-01
9.00000000e-02,6.30100000e+03,1.85000000e+00,-2.93831213e-04,3.37035568e-01,5.14428773e-02,9.83436400e+01,3.71981968e+00,9.46688637e+04,-1.83374285e-01
1.00000000e-01,6.30100000e+03,1.85000000e+00,-3.22957036e-04,3.37035568e-01,5.14428773e-02,9.83436400e+01,3.71981968e+00,9.46688637e+04,-1.83374285e-01
1.10000000e-01,6.30100000e+03,1.85000000e+00,-3.51355982e-04,3.37035568e-01,5.14428773e-02,9.83436400e+01,3.71981968e+00,9.46688637e+04,-1.83374285e-01
1.20000000e-01,6.30100000e+03,1.85000000e+00,-3.79016903e-04,3.37035568e-01,5.14428773e-02,9.83436400e+01,3.71981968e+00,9.46688637e+04,-1.83374285e-01
1.30000000e-01,6.30100000e+03,1.85000000e+00,-4.05926763e-04,3.37035568e-01,5.14428773e-02,9.83436400e+01,3.71981968e+00,9.46688637e+04,-1.83374285e-01
1.40000000e-01,6.30100000e+03,1.85000000e+00,-4.32070653e-04,3.37035568e-01,5.14428773e-02,9.83436400e+01,3.71981968e+00,9.46688637e+04,-1.83374285e-01
1.50000000e-01,6.30100000e+03,1.85000000e+00,-4.57431876e-04,3.37035568e-01,5.14428773e-02,9.83436400e+01,3.71981968e+00,9.46688637e+04,-1.83374285e-01
1.60000000e-01,6.30100000e+03,1.85000000e+00,-4.81992148e-04,3.37035568e-01,5.14428773e-02,9.83436400e+01,3.71981968e+00,9.46688637e+04,-1.83374285e-01
1.70000000e-01,6.30100000e+03,1.85000000e+00,-5.05731921e-04,3.37035568e-01,5.14428773e-02,9.83436400e+01,3.71981968e+00,9.46688637e+04,-1.83374285e-01
1.80000000e-01,6.30100000e+03,1.85000000e+00,-5.28630868e-04,3.37035568e-01,5.14428773e-02,9.83436400e+01,3.71981968e+00,9.46688637e+04,-1.83374285e-01
1.90000000e-01,6.30100000e+03,1.85000000e+00,-5.50668534e-04,3.37035568e-01,5.14428773e-02,9.83436400e+01,3.71981968e+00,9.46688637e+04,-1.83374285e-01
2.00000000e-01,6.30100000e+03,1.85000000e+00,-5.71825171e-04,3.37035568e-01,5.14428773e-02,9.83436400e+01,3.71981968e+00,9.46688637e+04,-1.83374285e-01
2.10000000e-01,6.30100000e+03,1.85000000e+00,-5.92082739e-04,3.37035568e-01,5.14428773e-02,9.83436400e+01,3.71981968e+00,9.46688637e+04,-1.83374285e-01
2.20000000e-01,6.30100000e+03,1.85000000e+00,-6.11426020e-04,3.37035568e-01,5.14428773e-02,9.83436400e+01,3.71981968e+00,9.46688637e+04,-1.83374285e-01
2.30000000e-01,6.30100000e+03,1.85000000e+00,-6.29843801e-04,3.37035568e-01,5.14428773e-02,9.83436400e+01,3.71981968e+00,9.46688637e+04,-1.83374285e-01
2.40000000e-01,6.30100000e+03,1.85000000e+00,-6.47330000e-04,3.37035568e-01,5.14428773e-02,9.83436400e+01,3.71981968e+00,9.46688637e+04,-1.83374285e-01
2.50000000e-01,6.30100000e+03,1.85000000e+00,-6.63884656e-04,3.37035568e-01,5.14428773e-02,9.83436400e+01,3.71981968e+00,9.46688637e+04,-1.83374285e-01
2.60000000e-01,6.30100000e+03,1.85000000e+00,-6.79514645e-04,3.37035568e-01,5.14428773e-02,9.83436400e+01,3.71981968e+00,9.46688637e+04,-1.83374285e-01
2.70000000e-01,6.30100000e+03,1.85000000e+00,-6.94234044e-04,3.37035568e-01,5.14428773e-02,9.83436400e+01,3.71981968e+00,9.46688637e+04,-1.83374285e-01
2.80000000e-01,6.30100000e+03,1.85000000e+00,-7.08064086e-04,3.37035568e-01,5.14428773e-02,9.83436400e+01,3.71981968e+00,9.46688637e+04,-1.83374285e-01
2.90000000e-01,6.30100000e+03,1.85000000e+00,-7.21032714e-04,3.37035568e-01,5.14428773e-02,9.83436400e+01,3.71981968e+00,9.46688637e+04,-1.83374285e-01
3.00000000e-01,6.30100000e+03,1.85000000e+00,-7.33173771e-04,3.37035568e-01,5.14428773e-02,9.83436400e+01,3.71981968e+00,9.46688637e+04,-1.83374285e-01
3.10000000e-01,6.30100000e+03,1.85000000e+00,-7.44525918e-04,3.37035568e-01,5.14428773e-02,9.83436400e+01,3.71981968e+00,9.46688637e+04,-1.83374285e-01
3.20000000e-01,6.30100000e+03,1.85000000e+00,-7.55131412e-04,3.37035568e-01,5.14428773e-02,9.83436400e+01,3.71981968e+00,9.46688637e+04,-1.83374285e-01
3.30000000e-01,6.30100000e+03,1.85000000e+00,-7.65034829e-04,3.37035568e-01,5.14428773e-02,9.83436400e+01,3.71981968e+00,9.46688637e+04,-1.83374285e-01
3.40000000e-01,6.30100000e+03,1.85000000e+00,-7.74281859e-04,3.37035568e-01,5.14428773e-02,9.83436400e+01,3.71981968e+00,9.46688637e+04,-1.83374285e-01
3.50000000e-01,6.30100000e+03,1.85000000e+00,-7.82918230e-04,3.37035568e-01,5.14428773e-02,9.83436400e+01,3.71981968e+00,9.46688637e+04,-1.83374285e-01
3.60000000e-01,6.30100000e+03,1.85000000e+00,-7.90988814e-04,3.37035568e-01,5.14428773e-02,9.83436400e+01,3.71981968e+00,9.46688637e+04,-1.83374285e-01
3.70000000e-01,6.30100000e+03,1.85000000e+00,-7.98536926e-04,3.37035568e-01,5.14428773e-02,9.83436400e+01,3.71981968e+00,9.46688637e+04,-1.83374285e-01
3.80000000e-01,6.30100000e+03,1.85000000e+00,-8.05603813e-04,3.37035568e-01,5.14428773e-02,9.83436400e+01,3.71981968e+00,9.46688637e+04,-1.83374285e-01
3.90000000e-01,6.30100000e+03,1.85000000e+00,-8.12228320e-04,3.37035568e-01,5.14428773e-02,9.83436400e+01,3.71981968e+00,9.46688637e+04,-1.83374285e-01
4.00000000e-01,6.30100000e+03,1.85000000e+00,-8.18446700e-04,3.37035568e-01,5.14428773e-02,9.83436400e+01,3.71981968e+00,9.46688637e+04,-1.83374285e-01
4.10000000e-01,6.30100000e+03,1.85000000e+00,-8.24292534e-04,3.37035568e-01,5.14428773e-02,9.83436400e+01,3.71981968e+00,9.46688637e+04,-1.83374285e-01
4.20000000e-01,6.30100000e+03,1.85000000e+00,-8.29796754e-04,3.37035568e-01,5.14428773e-02,9.83436400e+01,3.71981968e+00,9.46688637e+04,-1.83374285e-01
4.30000000e-01,6.30100000e+03,1.85000000e+00,-8.34987717e-04,3.37035568e-01,5.14428773e-02,9.83436400e+01,3.71981968e+00,9.46688637e+04,-1.83374285e-01
4.40000000e-01,6.30100000e+03,1.85000000e+00,-8.39891328e-04,3.37035568e-01,5.14428773e-02,9.83436400e+01,3.71981968e+00,9.46688637e+04,-1.83374285e-01
4.50000000e-01,6.30100000e+03,1.85000000e+00,-8.44531195e-04,3.37035568e-01,5.14428773e-02,9.83436400e+01,3.71981968e+00,9.46688637e+04,-1.83374285e-01
4.60000000e-01,6.30100000e+03,1.85000000e+00,-8.48928785e-04,3.37035568e-01,5.14428773e-02,9.83436400e+01,3.71981968e+00,9.46688637e+04,-1.83374285e-01
4.70000000e-01,6.30100000e+03,1.85000000e+00,-8.53103601e-04,3.37035568e-01,5.14428773e-02,9.83436400e+01,3.71981968e+00,9.46688637e+04,-1.83374285e-01
4.80000000e-01,6.30100000e+03,1.85000000e+00,-8.57073343e-04,3.37035568e-01,5.14428773e-02,9.83436400e+01,3.71981968e+00,9.46688637e+04,-1.83374285e-01
4.90000000e-01,6.30100000e+03,1.85000000e+00,-8.60854073e-04,3.37035568e-01,5.14428773e-02,9.83436400e+01,3.71981968e+00,9.46688637e+04,-1.83374285e-01
5.00000000e-01,6.30100000e+03,1.85000000e+00,-8.64460369e-04,3.37035568e-01,5.14428773e-02,9.83436400e+01,3.71981968e+00,9.46688637e+04,-1.83374285e-01
5.10000000e-01,6.30100000e+03,1.85000000e+00,-8.67905462e-04,3.37035568e-01,5.14428773e-02,9.83436400e+01,3.71981968e+00,9.46688637e+04,-1.83374285e-01
5.20000000e-01,6.30100000e+03,1.85000000e+00,-8.71201371e-04,3.37035568e-01,5.14428773e-02,9.83436400e+01,3.71981968e+00,9.46688637e+04,-1.83374285e-01
5.30000000e-01,6.30100000e+03,1.85000000e+00,-8.74359022e-04,3.37035568e-01,5.14428773e-02,9.83436400e+01,3.71981968e+00,9.46688637e+04,-1.83374285e-01
5.40000000e-01,6.30100000e+03,1.85000000e+00,-8.77388356e-04,3.37035568e-01,5.14428773e-02,9.83436400e+01,3.71981968e+00,9.46688637e+04,-1.83374285e-01
5.50000000e-01,6.30100000e+03,1.85000000e+00,-8.80298427e-04,3.37035568e-01,5.14428773e-02,9.83436400e+01,3.71981968e+00,9.46688637e+04,-1.83374285e-01
5.60000000e-01,6.30100000e+03,1.85000000e+00,-8.83097490e-04,3.37035568e-01,5.14428773e-02,9.83436400e+01,3.71981968e+00,9.46688637e+04,-1.83374285e-01
5.70000000e-01,6.30100000e+03,1.85000000e+00,-8.85793085e-04,3.37035568e-01,5.14428773e-02,9.83436400e+01,3.71981968e+00,9.46688637e+04,-1.83374285e-01
5.80000000e-01,6.30100000e+03,1.85000000e+00,-8.88392100e-04,3.37035568e-01,5.14428773e-02,9.83436400e+01,3.71981968e+00,9.46688637e+04,-1.83374285e-01
5.90000000e-01,6.30100000e+03,1.85000000e+00,-8.90900842e-04,3.37035568e-01,5.14428773e-02,9.83436400e+01,3.71981968e+00,9.46688637e+04,-1.83374285e-01
6.00000000e-01,6.30100000e+03,1.85000000e+00,-8.93325093e-04,3.37035568e-01,5.14428773e-02,9.83436400e+01,3.71981968e+00,9.46688637e+04,-1.83374285e-01
6.10000000e-01,6.30100000e+03,1.85000000e+00,-8.95670158e-04,3.37035568e-01,5.14428773e-02,9.83436400e+01,3.71981968e+00,9.46688637e+04,-1.83374285e-01
6.20000000e-01,6.30100000e+03,1.85000000e+00,-8.97940911e-04,3.37035568e-01,5.14428773e-02,9.83436400e+01,3.71981968e+00,9.46688637e+04,-1.83374285e-01
6.30000000e-01,6.30100000e+03,1.85000000e+00,-9.00141841e-04,3.37035568e-01,5.14428773e-02,9.83436400e+01,3.71981968e+00,9.46688637e+04,-1.83374285e-01
6.40000000e-01,6.30100000e+03,1.85000000e+00,-9.02277081e-04,3.37035568e-01,5.14428773e-02,9.83436400e+01,3.71981968e+00,9.46688637e+04,-1.83374285e-01
6.50000000e-01,6.30100000e+03,1.85000000e+00,-9.04350448e-04,3.37035568e-01,5.14428773e-02,9.83436400e+01,3.71981968e+00,9.46688637e+04,-1.83374285e-01
6.60000000e-01,6.30100000e+03,1.85000000e+00,-9.06365467e-04,3.37035568e-01,5.14428773e-02,9.83436400e+01,3.71981968e+00,9.46688637e+04,-1.83374285e-01
6.70000000e-01,6.30100000e+03,1.85000000e+00,-9.08325399e-04,3.37035568e-01,5.14428773e-02,9.83436400e+01,3.71981968e+00,9.46688637e+04,-1.83374285e-01
6.80000000e-01,6.30100000e+03,1.85000000e+00,-9.10233267e-04,3.37035568e-01,5.14428773e-02,9.83436400e+01,3.71981968e+00,9.46688637e+04,-1.83374285e-01
6.90000000e-01,6.30100000e+03,1.85000000e+00,-9.12091873e-04,3.37035568e-01,5.14428773e-02,9.83436400e+01,3.71981968e+00,9.46688637e+04,-1.83374285e-01
7.00000000e-01,6.30100000e+03,1.85000000e+00,-9.13903820e-04,3.37035568e-01,5.14428773e-02,9.83436400e+01,3.71981968e+00,9.46688637e+04,-1.83374285e-01
7.10000000e-01,6.30100000e+03,1.85000000e+00,-9.15671529e-04,3.37035568e-01,5.14428773e-02,9.83436400e+01,3.71981968e+00,9.46688637e+04,-1.83374285e-01
7.20000000e-01,6.30100000e+03,1.85000000e+00,-9.17397253e-04,3.37035568e-01,5.14428773e-02,9.83436400e+01,3.71981968e+00,9.46688637e+04,-1.83374285e-01
7.30000000e-01,6.30100000e+03,1.85000000e+00,-9.19083092e-04,3.37035568e-01,5.14428773e-02,9.83436400e+01,3.71981968e+00,9.46688637e+04,-1.83374285e-01
7.40000000e-01,6.30100000e+03,1.85000000e+00,-9.20731006e-04,3.37035568e-01,5.14428773e-02,9.83436400e+01,3.71981968e+00,9.46688637e+04,-1.83374285e-01
7.50000000e-01,6.30100000e+03,1.85000000e+00,-9.22342827e-04,3.37035568e-01,5.14428773e-02,9.83436400e+01,3.71981968e+00,9.46688637e+04,-1.83374285e-01
7.60000000e-01,6.30100000e+03,1.85000000e+00,-9.23920266e-04,3.37035568e-01,5.14428773e-02,9.83436400e+01,3.71981968e+00,9.46688637e+04,-1.83374285e-01
7.70000000e-01,6.30100000e+03,1.85000000e+00,-9.25464926e-04,3.37035568e-01,5.14428773e-02,9.83436400e+01,3.71981968e+00,9.46688637e+04,-1.83374285e-01
7.80000000e-01,6.30100000e+03,1.85000000e+00,-9.26978311e-04,3.37035568e-01,5.14428773e-02,9.83436400e+01,3.71981968e+00,9.46688637e+04,-1.83374285e-01
7.90000000e-01,6.30100000e+03,1.85000000e+00,-9.28461829e-04,3.37035568e-01,5.14428773e-02,9.83436400e+01,3.71981968e+00,9.46688637e+04,-1.83374285e-01
8.00000000e-01,6.30100000e+03,1.85000000e+00,-9.29916804e-04,3.37035568e-01,5.14428773e-02,9.83436400e+01,3.71981968e+00,9.46688637e+04,-1.83374285e-01
8.10000000e-01,6.30100000e+03,1.85000000e+00,-9.31344480e-04,3.37035568e-01,5.14428773e-02,9.83436400e+01,3.71981968e+00,9.46688637e+04,-1.83374285e-01
8.20000000e-01,6.30100000e+03,1.85000000e+00,-9.32746028e-04,3.37035568e-01,5.14428773e-02,9.83436400e+01,3.71981968e+00,9.46688637e+04,-1.83374285e-01
8.30000000e-01,6.30100000e+03,1.85000000e+00,-9.34122550e-04,3.37035568e-01,5.14428773e-02,9.83436400e+01,3.71981968e+00,9.46688637e+04,-1.83374285e-01
8.40000000e-01,6.30100000e+03,1.85000000e+00,-9.35475086e-04,3.37035568e-01,5.14428773e-02,9.83436400e+01,3.71981968e+00,9.46688637e+04,-1.83374285e-01
8.50000000e-01,6.30100000e+03,1.85000000e+00,-9.36804616e-04,3.37035568e-01,5.14428773e-02,9.83436400e+01,3.71981968e+00,9.46688637e+04,-1.83374285e-01
8.60000000e-01,6.30100000e+03,1.85000000e+00,-9.38112066e-04,3.37035568e-01,5.14428773e-02,9.83436400e+01,3.71981968e+00,9.46688637e+04,-1.83374285e-01
8.70000000e-01,6.30100000e+03,1.85000000e+00,-9.39398310e-04,3.37035568e-01,5.14428773e-02,9.83436400e+01,3.71981968e+00,9.46688637e+04,-1.83374285e-01
8.80000000e-01,6.30100000e+03,1.85000000e+00,-9.40664177e-04,3.37035568e-01,5.14428773e-02,9.83436400e+01,3.71981968e+00,9.46688637e+04,-1.83374285e-01
8.90000000e-01,6.30100000e+03,1.85000000e+00,-9.41910449e-04,3.37035568e-01,5.14428773e-02,9.83436400e+01,3.71981968e+00,9.46688637e+04,-1.83374285e-01
9.00000000e-01,6.30100000e+03,1.85000000e+00,-9.43137868e-04,3.37035568e-01,5.14428773e-02,9.83436400e+01,3.71981968e+00,9.46688637e+04,-1.83374285e-01
9.10000000e-01,6.30100000e+03,1.85000000e+00,-9.44347138e-04,3.37035568e-01,5.14428773e-02,9.83436400e+01,3.71981968e+00,9.46688637e+04,-1.83374285e-01
9.20000000e-01,6.30100000e+03,1.85000000e+00,-9.45538927e-04,3.37035568e-01,5.14428773e-02,9.83436400e+01,3.71981968e+00,9.46688637e+04,-1.83374285e-01
9.30000000e-01,6.30100000e+03,1.85000000e+00,-9.46713868e-04,3.37035568e-01,5.14428773e-02,9.83436400e+01,3.71981968e+00,9.46688637e+04,-1.83374285e-01
9.40000000e-01,6.30100000e+03,1.85000000e+00,-9.47872563e-04,3.37035568e-01,5.14428773e-02,9.83436400e+01,3.71981968e+00,9.46688637e+04,-1.83374285e-01
9.50000000e-01,6.30100000e+03,1.85000000e+00,-9.49015584e-04,3.37035568e-01,5.14428773e-02,9.83436400e+01,3.71981968e+00,9.46688637e+04,-1.83374285e-01
9.60000000e-01,6.30100000e+03,1.85000000e+00,-9.50143476e-04,3.37035568e-01,5.14428773e-02,9.83436400e+01,3.71981968e+00,9.46688637e+04,-1.83374285e-01
9.70000000e-01,6.30100000e+03,1.85000000e+00,-9.51256758e-04,3.37035568e-01,5.14428773e-02,9.83436400e+01,3.71981968e+00,9.46688637e+04,-1.83374285e-01
9.80000000e-01,6.30100000e+03,1.85000000e+00,-9.52355923e-04,3.37035568e-01,5.14428773e-02,9.83436400e+01,3.71981968e+00,9.46688637e+04,-1.83374285e-01
9.90000000e-01,6.30100000e+03,1.85000000e+00,-9.53441442e-04,3.37035568e-01,5.14428773e-02,9.83436400e+01,3.71981968e+00,9.46688637e+04,-1.83374285e-01
1.00000000e+00,6.30100000e+03,1.85000000e+00,-9.54513764e-04,3.37035568e-01,5.14428773e-02,9.83436400e+01,3.71981968e+00,9.46688637e+04,-1.83374285e-01
1.01000000e+00,6.30100000e+03,1.85000000e+00,-9.55573318e-04,3.37035568e-01,5.14428773e-02,9.83436400e+01,3.71981968e+00,9.46688637e+04,-1.83374285e-01
1.02000000e+00,6.30100000e+03,1.85000000e+00,-9.56620513e-04,3.37035568e-01,5.14428773e-02,9.83436400e+01,3.71981968e+00,9.46688637e+04,-1.83374285e-01
1.03000000e+00,6.30100000e+03,1.85000000e+00,-9.57655741e-04,3.37035568e-01,5.14428773e-02,9.83436400e+01,3.71981968e+00,9.46688637e+04,-1.83374285e-01
1.04000000e+00,6.30100000e+03,1.85000000e+00,-9.58679374e-04,3.37035568e-01,5.14428773e-02,9.83436400e+01,3.71981968e+00,9.46688637e+04,-1.83374285e-01
1.05000000e+00,6.30100000e+03,1.85000000e+00,-9.59691771e-04,3.37035568e-01,5.14428773e-02,9.83436400e+01,3.71981968e+00,9.46688637e+04,-1.83374285e-01
1.06000000e+00,6.30100000e+03,1.85000000e+00,-9.60693274e-04,3.37035568e-01,5.14428773e-02,9.83436400e+01,3.71981968e+00,9.46688637e+04,-1.83374285e-01
1.07000000e+00,6.30100000e+03,1.85000000e+00,-9.61684210e-04,3.37035568e-01,5.14428773e-02,9.83436400e+01,3.71981968e+00,9.46688637e+04,-1.83374285e-01
1.08000000e+00,6.30100000e+03,1.85000000e+00,-9.62664895e-04,3.37035568e-01,5.14428773e-02,9.83436400e+01,3.71981968e+00,9.46688637e+04,-1.83374285e-01
1.09000000e+00,6.30100000e+03,1.85000000e+00,-9.63635628e-04,3.37035568e-01,5.14428773e-02,9.83436400e+01,3.71981968e+00,9.46688637e+04,-1.83374285e-01
1.10000000e+00,6.30100000e+03,1.85000000e+00,-9.64596699e-04,3.37035568e-01,5.14428773e-02,9.83436400e+01,3.71981968e+00,9.46688637e+04,-1.83374285e-01
1.11000000e+00,6.30100000e+03,1.85000000e+00,-9.65548384e-04,3.37035568e-01,5.14428773e-02,9.83436400e+01,3.71981968e+00,9.46688637e+04,-1.83374285e-01
1.12000000e+00,6.30100000e+03,1.85000000e+00,-9.66490949e-04,3.37035568e-01,5.14428773e-02,9.83436400e+01,3.71981968e+00,9.46688637e+04,-1.83374285e-01
1.13000000e+00,6.30100000e+03,1.85000000e+00,-9.67424651e-04,3.37035568e-01,5.14428773e-02,9.83436400e+01,3.71981968e+00,9.46688637e+04,-1.83374285e-01
1.14000000e+00,6.30100000e+03,1.85000000e+00,-9.68349733e-04,3.37035568e-01,5.14428773e-02,9.83436400e+01,3.71981968e+00,9.46688637e+04,-1.83374285e-01
1.15000000e+00,6.30100000e+03,1.85000000e+00,-9.69266432e-04,3.37035568e-01,5.14428773e-02,9.83436400e+01,3.71981968e+00,9.46688637e+04,-1.83374285e-01
1.16000000e+00,6.30100000e+03,1.85000000e+00,-9.70174976e-04,3.37035568e-01,5.14428773e-02,9.83436400e+01,3.71981968e+00,9.46688637e+04,-1.83374285e-01
1.17000000e+00,6.30100000e+03,1.85000000e+00,-9.71075581e-04,3.37035568e-01,5.14428773e-02,9.83436400e+01,3.71981968e+00,9.46688637e+04,-1.83374285e-01
1.18000000e+00,6.30100000e+03,1.85000000e+00,-9.71968458e-04,3.37035568e-01,5.14428773e-02,9.83436400e+01,3.71981968e+00,9.46688637e+04,-1.83374285e-01
1.19000000e+00,6.30100000e+03,1.85000000e+00,-9.72853810e-04,3.37035568e-01,5.14428773e-02,9.83436400e+01,3.71981968e+00,9.46688637e+04,-1.83374285e-01
1.20000000e+00,6.30100000e+03,1.85000000e+00,-9.73731831e-04,3.37035568e-01,5.14428773e-02,9.83436400e+01,3.71981968e+00,9.46688637e+04,-1.83374285e-01
1.21000000e+00,6.30100000e+03,1.85000000e+00,-9.74602709e-04,3.37035568e-01,5.14428773e-02,9.83436400e+01,3.71981968e+00,9.46688637e+04,-1.83374285e-01
1.22000000e+00,6.30100000e+03,1.85000000e+00,-9.75466624e-04,3.37035568e-01,5.14428773e-02,9.83436400e+01,3.71981968e+00,9.46688637e+04,-1.83374285e-01
1.23000000e+00,6.30100000e+03,1.85000000e+00,-9.76323752e-04,3.37035568e-01,5.14428773e-02,9.83436400e+01,3.71981968e+00,9.46688637e+04,-1.83374285e-01
1.24000000e+00,6.30100000e+03,1.85000000e+00,-9.77174261e-04,3.37035568e-01,5.14428773e-02,9.83436400e+01,3.71981968e+00,9.46688637e+04,-1.83374285e-01
1.25000000e+00,6.30100000e+03,1.85000000e+00,-9.78018313e-04,3.37035568e-01,5.14428773e-02,9.83436400e+01,3.71981968e+00,9.46688637e+04,-1.83374285e-01
1.26000000e+00,6.30100000e+03,1.85000000e+00,-9.78856066e-04,3.37035568e-01,5.14428773e-02,9.83436400e+01,3.71981968e+00,9.46688637e+04,-1.83374285e-01
1.27000000e+00,6.30100000e+03,1.85000000e+00,-9.79687670e-04,3.37035568e-01,5.14428773e-02,9.83436400e+01,3.71981968e+00,9.46688637e+04,-1.83374285e-01
1.28000000e+00,6.30100000e+03,1.85000000e+00,-9.80513272e-04,3.37035568e-01,5.14428773e-02,9.83436400e+01,3.71981968e+00,9.46688637e+04,-1.83374285e-01
1.29000000e+00,6.30100000e+03,1.85000000e+00,-9.81333014e-04,3.37035568e-01,5.14428773e-02,9.83436400e+01,3.71981968e+00,9.46688637e+04,-1.83374285e-01
1.30000000e+00,6.30100000e+03,1.85000000e+00,-9.82147032e-04,3.37035568e-01,5.14428773e-02,9.83436400e+01,3.71981968e+00,9.46688637e+04,-1.83374285e-01
1.31000000e+00,6.30100000e+03,1.85000000e+00,-9.82955460e-04,3.37035568e-01,5.14428773e-02,9.83436400e+01,3.71981968e+00,9.46688637e+04,-1.83374285e-01
1.32000000e+00,6.30100000e+03,1.85000000e+00,-9.83758424e-04,3.37035568e-01,5.14428773e-02,9.83436400e+01,3.71981968e+00,9.46688637e+04,-1.83374285e-01
1.33000000e+00,6.30100000e+03,1.85000000e+00,-9.84556048e-04,3.37035568e-01,5.14428773e-02,9.83436400e+01,3.71981968e+00,9.46688637e+04,-1.83374285e-01
1.34000000e+00,6.30100000e+03,1.85000000e+00,-9.85348454e-04,3.37035568e-01,5.14428773e-02,9.83436400e+01,3.71981968e+00,9.46688637e+04,-1.83374285e-01
1.35000000e+00,6.30100000e+03,1.85000000e+00,-9.86135756e-04,3.37035568e-01,5.14428773e-02,9.83436400e+01,3.71981968e+00,9.46688637e+04,-1.83374285e-01
1.36000000e+00,6.30100000e+03,1.85000000e+00,-9.86918068e-04,3.37035568e-01,5.14428773e-02,9.83436400e+01,3.71981968e+00,9.46688637e+04,-1.83374285e-01
1.37000000e+00,6.30100000e+03,1.85000000e+00,-9.87695498e-04,3.37035568e-01,5.14428773e-02,9.83436400e+01,3.71981968e+00,9.46688637e+04,-1.83374285e-01
1.38000000e+00,6.30100000e+03,1.85000000e+00,-9.88468153e-04,3.37035568e-01,5.14428773e-02,9.83436400e+01,3.71981968e+00,9.46688637e+04,-1.83374285e-01
1.39000000e+00,6.30100000e+03,1.85000000e+00,-9.89236134e-04,3.37035568e-01,5.14428773e-02,9.83436400e+01,3.71981968e+00,9.46688637e+04,-1.83374285e-01
1.40000000e+00,6.30100000e+03,1.85000000e+00,-9.89999542e-04,3.37035568e-01,5.14428773e-02,9.83436400e+01,3.71981968e+00,9.46688637e+04,-1.83374285e-01
1.41000000e+00,6.30100000e+03,1.85000000e+00,-9.90758474e-04,3.37035568e-01,5.14428773e-02,9.83436400e+01,3.71981968e+00,9.46688637e+04,-1.83374285e-01
1.42000000e+00,6.30100000e+03,1.85000000e+00,-9.91513022e-04,3.37035568e-01,5.14428773e-02,9.83436400e+01,3.71981968e+00,9.46688637e+04,-1.83374285e-01
1.43000000e+00,6.30100000e+03,1.85000000e+00,-9.92263278e-04,3.37035568e-01,5.14428773e-02,9.83436400e+01,3.71981968e+00,9.46688637e+04,-1.83374285e-01
1.44000000e+00,6.30100000e+03,1.85000000e+00,-9.93009332e-04,3.37035568e-01,5.14428773e-02,9.83436400e+01,3.71981968e+00,9.46688637e+04,-1.83374285e-01
1.45000000e+00,6.30100000e+03,1.85000000e+00,-9.93751268e-04,3.37035568e-01,5.14428773e-02,9.83436400e+01,3.71981968e+00,9.46688637e+04,-1.83374285e-01
1.46000000e+00,6.30100000e+03,1.85000000e+00,-9.94489171e-04,3.37035568e-01,5.14428773e-02,9.83436400e+01,3.71981968e+00,9.46688637e+04,-1.83374285e-01
1.47000000e+00,6.30100000e+03,1.85000000e+00,-9.95223124e-04,3.37035568e-01,5.14428773e-02,9.83436400e+01,3.71981968e+00,9.46688637e+04,-1.83374285e-01
1.48000000e+00,6.30100000e+03,1.85000000e+00,-9.95953204e-04,3.37035568e-01,5.14428773e-02,9.83436400e+01,3.71981968e+00,9.46688637e+04,-1.83374285e-01
1.49000000e+00,6.30100000e+03,1.85000000e+00,-9.96679491e-04,3.37035568e-01,5.14428773e-02,9.83436400e+01,3.71981968e+00,9.46688637e+04,-1.83374285e-01
1.50000000e+00,6.30100000e+03,1.85000000e+00,-9.97402059e-04,3.37035568e-01,5.14428773e-02,9.83436400e+01,3.71981968e+00,9.46688637e+04,-1.83374285e-01
1.51000000e+00,6.30100000e+03,1.85000000e+00,-9.98120984e-04,3.37035568e-01,5.14428773e-02,9.83436400e+01,3.71981968e+00,9.46688637e+04,-1.83374285e-01
1.52000000e+00,6.30100000e+03,1.85000000e+00,-9.98836336e-04,3.37035568e-01,5.14428773e-02,9.83436400e+01,3.71981968e+00,9.46688637e+04,-1.83374285e-01
1.53000000e+00,6.30100000e+03,1.85000000e+00,-9.99548188e-04,3.37035568e-01,5.14428773e-02,9.83436400e+01,3.71981968e+00,9.46688637e+04,-1.83374285e-01
1.54000000e+00,6.30100000e+03,1.85000000e+00,-1.00025661e-03,3.37035568e-01,5.14428773e-02,9.83436400e+01,3.71981968e+00,9.46688637e+04,-1.83374285e-01
1.55000000e+00,6.30100000e+03,1.85000000e+00,-1.00096167e-03,3.37035568e-01,5.14428773e-02,9.83436400e+01,3.71981968e+00,9.46688637e+04,-1.83374285e-01
1.56000000e+00,6.30100000e+03,1.85000000e+00,-1.00166343e-03,3.37035568e-01,5.14428773e-02,9.83436400e+01,3.71981968e+00,9.46688637e+04,-1.83374285e-01
1.57000000e+00,6.30100000e+03,1.85000000e+00,-1.00236196e-03,3.37035568e-01,5.14428773e-02,9.83436400e+01,3.71981968e+00,9.46688637e+04,-1.83374285e-01
1.58000000e+00,6.30100000e+03,1.85000000e+00,-1.00305732e-03,3.37035568e-01,5.14428773e-02,9.83436400e+01,3.71981968e+00,9.46688637e+04,-1.83374285e-01
1.59000000e+00,6.30100000e+03,1.85000000e+00,-1.00374959e-03,3.37035568e-01,5.14428773e-02,9.83436400e+01,3.71981968e+00,9.46688637e+04,-1.83374285e-01
1.60000000e+00,6.30100000e+03,1.85000000e+00,-1.00443882e-03,3.37035568e-01,5.14428773e-02,9.83436400e+01,3.71981968e+00,9.46688637e+04,-1.83374285e-01
1.61000000e+00,6.30100000e+03,1.85000000e+00,-1.00512507e-03,3.37035568e-01,5.14428773e-02,9.83436400e+01,3.71981968e+00,9.46688637e+04,-1.83374285e-01
1.62000000e+00,6.30100000e+03,1.85000000e+00,-1.00580841e-03,3.37035568e-01,5.14428773e-02,9.83436400e+01,3.71981968e+00,9.46688637e+04,-1.83374285e-01
1.63000000e+00,6.30100000e+03,1.85000000e+00,-1.00648890e-03,3.37035568e-01,5.14428773e-02,9.83436400e+01,3.71981968e+00,9.46688637e+04,-1.83374285e-01
1.64000000e+00,6.30100000e+03,1.85000000e+00,-1.00716660e-03,3.37035568e-01,5.14428773e-02,9.83436400e+01,3.71981968e+00,9.46688637e+04,-1.83374285e-01
1.65000000e+00,6.30100000e+03,1.85000000e+00,-1.00784158e-03,3.37035568e-01,5.14428773e-02,9.83436400e+01,3.71981968e+00,9.46688637e+04,-1.83374285e-01
1.66000000e+00,6.30100000e+03,1.85000000e+00,-1.00851390e-03,3.37035568e-01,5.14428773e-02,9.83436400e+01,3.71981968e+00,9.46688637e+04,-1.83374285e-01
1.67000000e+00,6.30100000e+03,1.85000000e+00,-1.00918362e-03,3.37035568e-01,5.14428773e-02,9.83436400e+01,3.71981968e+00,9.46688637e+04,-1.83374285e-01
1.68000000e+00,6.30100000e+03,1.85000000e+00,-1.00985081e-03,3.37035568e-01,5.14428773e-02,9.83436400e+01,3.71981968e+00,9.46688637e+04,-1.83374285e-01
1.69000000e+00,6.30100000e+03,1.85000000e+00,-1.01051552e-03,3.37035568e-01,5.14428773e-02,9.83436400e+01,3.71981968e+00,9.46688637e+04,-1.83374285e-01
1.70000000e+00,6.30100000e+03,1.85000000e+00,-1.01117784e-03,3.37035568e-01,5.14428773e-02,9.83436400e+01,3.71981968e+00,9.46688637e+04,-1.83374285e-01
1.71000000e+00,6.30100000e+03,1.85000000e+00,-1.01183781e-03,3.37035568e-01,5.14428773e-02,9.83436400e+01,3.71981968e+00,9.46688637e+04,-1.83374285e-01
1.72000000e+00,6.30100000e+03,1.85000000e+00,-1.01249552e-03,3.37035568e-01,5.14428773e-02,9.83436400e+01,3.71981968e+00,9.46688637e+04,-1.83374285e-01
1.73000000e+00,6.30100000e+03,1.85000000e+00,-1.01315104e-03,3.37035568e-01,5.14428773e-02,9.83436400e+01,3.71981968e+00,9.46688637e+04,-1.83374285e-01
1.74000000e+00,6.30100000e+03,1.85000000e+00,-1.01380443e-03,3.37035568e-01,5.14428773e-02,9.83436400e+01,3.71981968e+00,9.46688637e+04,-1.83374285e-01
1.75000000e+00,6.30100000e+03,1.85000000e+00,-1.01445577e-03,3.37035568e-01,5.14428773e-02,9.83436400e+01,3.71981968e+00,9.46688637e+04,-1.83374285e-01
1.76000000e+00,6.30100000e+03,1.85000000e+00,-1.01510514e-03,3.37035568e-01,5.14428773e-02,9.83436400e+01,3.71981968e+00,9.46688637e+04,-1.83374285e-01
1.77000000e+00,6.30100000e+03,1.85000000e+00,-1.01575262e-03,3.37035568e-01,5.14428773e-02,9.83436400e+01,3.71981968e+00,9.46688637e+04,-1.83374285e-01
1.78000000e+00,6.30100000e+03,1.85000000e+00,-1.01639830e-03,3.37035568e-01,5.14428773e-02,9.83436400e+01,3.71981968e+00,9.46688637e+04,-1.83374285e-01
1.79000000e+00,6.30100000e+03,1.85000000e+00,-1.01704227e-03,3.37035568e-01,5.14428773e-02,9.83436400e+01,3.71981968e+00,9.46688637e+04,-1.83374285e-01
1.80000000e+00,6.30100000e+03,1.85000000e+00,-1.01768461e-03,3.37035568e-01,5.14428773e-02,9.83436400e+01,3.71981968e+00,9.46688637e+04,-1.83374285e-01
1.81000000e+00,6.30100000e+03,1.85000000e+00,-1.01832543e-03,3.37035568e-01,5.14428773e-02,9.83436400e+01,3.71981968e+00,9.46688637e+04,-1.83374285e-01
1.82000000e+00,6.30100000e+03,1.85000000e+00,-1.01896482e-03,3.37035568e-01,5.14428773e-02,9.83436400e+01,3.71981968e+00,9.46688637e+04,-1.83374285e-01
1.83000000e+00,6.30100000e+03,1.85000000e+00,-1.01960289e-03,3.37035568e-01,5.14428773e-02,9.83436400e+01,3.71981968e+00,9.46688637e+04,-1.83374285e-01
1.84000000e+00,6.30100000e+03,1.85000000e+00,-1.02023977e-03,3.37035568e-01,5.14428773e-02,9.83436400e+01,3.71981968e+00,9.46688637e+04,-1.83374285e-01
1.85000000e+00,6.30100000e+03,1.85000000e+00,-1.02087556e-03,3.37035568e-01,5.14428773e-02,9.83436400e+01,3.71981968e+00,9.46688637e+04,-1.83374285e-01
