vSweep,vd,vg,id,vth0_nom,u0_nom,rdsw_nom,nfactor_nom,vsat_nom,eta0_nom,delta_nom
1.00000000e-02,1.00000000e-02,1.48000000e+00,4.42965633e-05,1.34023745e+00,1.77967110e+00,9.94858740e-01,1.62733725e+00,3.22006817e+01,1.30638447e+00,5.55452717e+00
2.00000000e-02,2.00000000e-02,1.48000000e+00,8.81129038e-05,1.34023745e+00,1.77967110e+00,9.94858740e-01,1.62733725e+00,3.22006817e+01,1.30638447e+00,5.55452717e+00
3.00000000e-02,3.00000000e-02,1.48000000e+00,1.31446996e-04,1.34023745e+00,1.77967110e+00,9.94858740e-01,1.62733725e+00,3.22006817e+01,1.30638447e+00,5.55452717e+00
4.00000000e-02,4.00000000e-02,1.48000000e+00,1.74296806e-04,1.34023745e+00,1.77967110e+00,9.94858740e-01,1.62733725e+00,3.22006817e+01,1.30638447e+00,5.55452717e+00
5.00000000e-02,5.00000000e-02,1.48000000e+00,2.16660287e-04,1.34023745e+00,1.77967110e+00,9.94858740e-01,1.62733725e+00,3.22006817e+01,1.30638447e+00,5.55452717e+00
6.00000000e-02,6.00000000e-02,1.48000000e+00,2.58535389e-04,1.34023745e+00,1.77967110e+00,9.94858740e-01,1.62733725e+00,3.22006817e+01,1.30638447e+00,5.55452717e+00
7.00000000e-02,7.00000000e-02,1.48000000e+00,2.99920050e-04,1.34023745e+00,1.77967110e+00,9.94858740e-01,1.62733725e+00,3.22006817e+01,1.30638447e+00,5.55452717e+00
8.00000000e-02,8.00000000e-02,1.48000000e+00,3.40812202e-04,1.34023745e+00,1.77967110e+00,9.94858740e-01,1.62733725e+00,3.22006817e+01,1.30638447e+00,5.55452717e+00
9.00000000e-02,9.00000000e-02,1.48000000e+00,3.81209773e-04,1.34023745e+00,1.77967110e+00,9.94858740e-01,1.62733725e+00,3.22006817e+01,1.30638447e+00,5.55452717e+00
1.00000000e-01,1.00000000e-01,1.48000000e+00,4.21110685e-04,1.34023745e+00,1.77967110e+00,9.94858740e-01,1.62733725e+00,3.22006817e+01,1.30638447e+00,5.55452717e+00
1.10000000e-01,1.10000000e-01,1.48000000e+00,4.60512857e-04,1.34023745e+00,1.77967110e+00,9.94858740e-01,1.62733725e+00,3.22006817e+01,1.30638447e+00,5.55452717e+00
1.20000000e-01,1.20000000e-01,1.48000000e+00,4.99414209e-04,1.34023745e+00,1.77967110e+00,9.94858740e-01,1.62733725e+00,3.22006817e+01,1.30638447e+00,5.55452717e+00
1.30000000e-01,1.30000000e-01,1.48000000e+00,5.37812659e-04,1.34023745e+00,1.77967110e+00,9.94858740e-01,1.62733725e+00,3.22006817e+01,1.30638447e+00,5.55452717e+00
1.40000000e-01,1.40000000e-01,1.48000000e+00,5.75706130e-04,1.34023745e+00,1.77967110e+00,9.94858740e-01,1.62733725e+00,3.22006817e+01,1.30638447e+00,5.55452717e+00
1.50000000e-01,1.50000000e-01,1.48000000e+00,6.13092553e-04,1.34023745e+00,1.77967110e+00,9.94858740e-01,1.62733725e+00,3.22006817e+01,1.30638447e+00,5.55452717e+00
1.60000000e-01,1.60000000e-01,1.48000000e+00,6.49969866e-04,1.34023745e+00,1.77967110e+00,9.94858740e-01,1.62733725e+00,3.22006817e+01,1.30638447e+00,5.55452717e+00
1.70000000e-01,1.70000000e-01,1.48000000e+00,6.86336021e-04,1.34023745e+00,1.77967110e+00,9.94858740e-01,1.62733725e+00,3.22006817e+01,1.30638447e+00,5.55452717e+00
1.80000000e-01,1.80000000e-01,1.48000000e+00,7.22188987e-04,1.34023745e+00,1.77967110e+00,9.94858740e-01,1.62733725e+00,3.22006817e+01,1.30638447e+00,5.55452717e+00
1.90000000e-01,1.90000000e-01,1.48000000e+00,7.57526755e-04,1.34023745e+00,1.77967110e+00,9.94858740e-01,1.62733725e+00,3.22006817e+01,1.30638447e+00,5.55452717e+00
2.00000000e-01,2.00000000e-01,1.48000000e+00,7.92347344e-04,1.34023745e+00,1.77967110e+00,9.94858740e-01,1.62733725e+00,3.22006817e+01,1.30638447e+00,5.55452717e+00
2.10000000e-01,2.10000000e-01,1.48000000e+00,8.26648806e-04,1.34023745e+00,1.77967110e+00,9.94858740e-01,1.62733725e+00,3.22006817e+01,1.30638447e+00,5.55452717e+00
2.20000000e-01,2.20000000e-01,1.48000000e+00,8.60429233e-04,1.34023745e+00,1.77967110e+00,9.94858740e-01,1.62733725e+00,3.22006817e+01,1.30638447e+00,5.55452717e+00
2.30000000e-01,2.30000000e-01,1.48000000e+00,8.93686764e-04,1.34023745e+00,1.77967110e+00,9.94858740e-01,1.62733725e+00,3.22006817e+01,1.30638447e+00,5.55452717e+00
2.40000000e-01,2.40000000e-01,1.48000000e+00,9.26419595e-04,1.34023745e+00,1.77967110e+00,9.94858740e-01,1.62733725e+00,3.22006817e+01,1.30638447e+00,5.55452717e+00
2.50000000e-01,2.50000000e-01,1.48000000e+00,9.58625986e-04,1.34023745e+00,1.77967110e+00,9.94858740e-01,1.62733725e+00,3.22006817e+01,1.30638447e+00,5.55452717e+00
2.60000000e-01,2.60000000e-01,1.48000000e+00,9.90304273e-04,1.34023745e+00,1.77967110e+00,9.94858740e-01,1.62733725e+00,3.22006817e+01,1.30638447e+00,5.55452717e+00
2.70000000e-01,2.70000000e-01,1.48000000e+00,1.02145288e-03,1.34023745e+00,1.77967110e+00,9.94858740e-01,1.62733725e+00,3.22006817e+01,1.30638447e+00,5.55452717e+00
2.80000000e-01,2.80000000e-01,1.48000000e+00,1.05207033e-03,1.34023745e+00,1.77967110e+00,9.94858740e-01,1.62733725e+00,3.22006817e+01,1.30638447e+00,5.55452717e+00
2.90000000e-01,2.90000000e-01,1.48000000e+00,1.08215526e-03,1.34023745e+00,1.77967110e+00,9.94858740e-01,1.62733725e+00,3.22006817e+01,1.30638447e+00,5.55452717e+00
3.00000000e-01,3.00000000e-01,1.48000000e+00,1.11170642e-03,1.34023745e+00,1.77967110e+00,9.94858740e-01,1.62733725e+00,3.22006817e+01,1.30638447e+00,5.55452717e+00
3.10000000e-01,3.10000000e-01,1.48000000e+00,1.14072274e-03,1.34023745e+00,1.77967110e+00,9.94858740e-01,1.62733725e+00,3.22006817e+01,1.30638447e+00,5.55452717e+00
3.20000000e-01,3.20000000e-01,1.48000000e+00,1.16920328e-03,1.34023745e+00,1.77967110e+00,9.94858740e-01,1.62733725e+00,3.22006817e+01,1.30638447e+00,5.55452717e+00
3.30000000e-01,3.30000000e-01,1.48000000e+00,1.19714729e-03,1.34023745e+00,1.77967110e+00,9.94858740e-01,1.62733725e+00,3.22006817e+01,1.30638447e+00,5.55452717e+00
3.40000000e-01,3.40000000e-01,1.48000000e+00,1.22455422e-03,1.34023745e+00,1.77967110e+00,9.94858740e-01,1.62733725e+00,3.22006817e+01,1.30638447e+00,5.55452717e+00
3.50000000e-01,3.50000000e-01,1.48000000e+00,1.25142374e-03,1.34023745e+00,1.77967110e+00,9.94858740e-01,1.62733725e+00,3.22006817e+01,1.30638447e+00,5.55452717e+00
3.60000000e-01,3.60000000e-01,1.48000000e+00,1.27775577e-03,1.34023745e+00,1.77967110e+00,9.94858740e-01,1.62733725e+00,3.22006817e+01,1.30638447e+00,5.55452717e+00
3.70000000e-01,3.70000000e-01,1.48000000e+00,1.30355049e-03,1.34023745e+00,1.77967110e+00,9.94858740e-01,1.62733725e+00,3.22006817e+01,1.30638447e+00,5.55452717e+00
3.80000000e-01,3.80000000e-01,1.48000000e+00,1.32880837e-03,1.34023745e+00,1.77967110e+00,9.94858740e-01,1.62733725e+00,3.22006817e+01,1.30638447e+00,5.55452717e+00
3.90000000e-01,3.90000000e-01,1.48000000e+00,1.35353021e-03,1.34023745e+00,1.77967110e+00,9.94858740e-01,1.62733725e+00,3.22006817e+01,1.30638447e+00,5.55452717e+00
4.00000000e-01,4.00000000e-01,1.48000000e+00,1.37771712e-03,1.34023745e+00,1.77967110e+00,9.94858740e-01,1.62733725e+00,3.22006817e+01,1.30638447e+00,5.55452717e+00
4.10000000e-01,4.10000000e-01,1.48000000e+00,1.40137061e-03,1.34023745e+00,1.77967110e+00,9.94858740e-01,1.62733725e+00,3.22006817e+01,1.30638447e+00,5.55452717e+00
4.20000000e-01,4.20000000e-01,1.48000000e+00,1.42449256e-03,1.34023745e+00,1.77967110e+00,9.94858740e-01,1.62733725e+00,3.22006817e+01,1.30638447e+00,5.55452717e+00
4.30000000e-01,4.30000000e-01,1.48000000e+00,1.44708527e-03,1.34023745e+00,1.77967110e+00,9.94858740e-01,1.62733725e+00,3.22006817e+01,1.30638447e+00,5.55452717e+00
4.40000000e-01,4.40000000e-01,1.48000000e+00,1.46915147e-03,1.34023745e+00,1.77967110e+00,9.94858740e-01,1.62733725e+00,3.22006817e+01,1.30638447e+00,5.55452717e+00
4.50000000e-01,4.50000000e-01,1.48000000e+00,1.49069436e-03,1.34023745e+00,1.77967110e+00,9.94858740e-01,1.62733725e+00,3.22006817e+01,1.30638447e+00,5.55452717e+00
4.60000000e-01,4.60000000e-01,1.48000000e+00,1.51171759e-03,1.34023745e+00,1.77967110e+00,9.94858740e-01,1.62733725e+00,3.22006817e+01,1.30638447e+00,5.55452717e+00
4.70000000e-01,4.70000000e-01,1.48000000e+00,1.53222535e-03,1.34023745e+00,1.77967110e+00,9.94858740e-01,1.62733725e+00,3.22006817e+01,1.30638447e+00,5.55452717e+00
4.80000000e-01,4.80000000e-01,1.48000000e+00,1.55222229e-03,1.34023745e+00,1.77967110e+00,9.94858740e-01,1.62733725e+00,3.22006817e+01,1.30638447e+00,5.55452717e+00
4.90000000e-01,4.90000000e-01,1.48000000e+00,1.57171360e-03,1.34023745e+00,1.77967110e+00,9.94858740e-01,1.62733725e+00,3.22006817e+01,1.30638447e+00,5.55452717e+00
5.00000000e-01,5.00000000e-01,1.48000000e+00,1.59070499e-03,1.34023745e+00,1.77967110e+00,9.94858740e-01,1.62733725e+00,3.22006817e+01,1.30638447e+00,5.55452717e+00
5.10000000e-01,5.10000000e-01,1.48000000e+00,1.60920268e-03,1.34023745e+00,1.77967110e+00,9.94858740e-01,1.62733725e+00,3.22006817e+01,1.30638447e+00,5.55452717e+00
5.20000000e-01,5.20000000e-01,1.48000000e+00,1.62721344e-03,1.34023745e+00,1.77967110e+00,9.94858740e-01,1.62733725e+00,3.22006817e+01,1.30638447e+00,5.55452717e+00
5.30000000e-01,5.30000000e-01,1.48000000e+00,1.64474451e-03,1.34023745e+00,1.77967110e+00,9.94858740e-01,1.62733725e+00,3.22006817e+01,1.30638447e+00,5.55452717e+00
5.40000000e-01,5.40000000e-01,1.48000000e+00,1.66180366e-03,1.34023745e+00,1.77967110e+00,9.94858740e-01,1.62733725e+00,3.22006817e+01,1.30638447e+00,5.55452717e+00
5.50000000e-01,5.50000000e-01,1.48000000e+00,1.67839914e-03,1.34023745e+00,1.77967110e+00,9.94858740e-01,1.62733725e+00,3.22006817e+01,1.30638447e+00,5.55452717e+00
5.60000000e-01,5.60000000e-01,1.48000000e+00,1.69453963e-03,1.34023745e+00,1.77967110e+00,9.94858740e-01,1.62733725e+00,3.22006817e+01,1.30638447e+00,5.55452717e+00
5.70000000e-01,5.70000000e-01,1.48000000e+00,1.71023426e-03,1.34023745e+00,1.77967110e+00,9.94858740e-01,1.62733725e+00,3.22006817e+01,1.30638447e+00,5.55452717e+00
5.80000000e-01,5.80000000e-01,1.48000000e+00,1.72549256e-03,1.34023745e+00,1.77967110e+00,9.94858740e-01,1.62733725e+00,3.22006817e+01,1.30638447e+00,5.55452717e+00
5.90000000e-01,5.90000000e-01,1.48000000e+00,1.74032442e-03,1.34023745e+00,1.77967110e+00,9.94858740e-01,1.62733725e+00,3.22006817e+01,1.30638447e+00,5.55452717e+00
6.00000000e-01,6.00000000e-01,1.48000000e+00,1.75474003e-03,1.34023745e+00,1.77967110e+00,9.94858740e-01,1.62733725e+00,3.22006817e+01,1.30638447e+00,5.55452717e+00
6.10000000e-01,6.10000000e-01,1.48000000e+00,1.76874989e-03,1.34023745e+00,1.77967110e+00,9.94858740e-01,1.62733725e+00,3.22006817e+01,1.30638447e+00,5.55452717e+00
6.20000000e-01,6.20000000e-01,1.48000000e+00,1.78236473e-03,1.34023745e+00,1.77967110e+00,9.94858740e-01,1.62733725e+00,3.22006817e+01,1.30638447e+00,5.55452717e+00
6.30000000e-01,6.30000000e-01,1.48000000e+00,1.79559545e-03,1.34023745e+00,1.77967110e+00,9.94858740e-01,1.62733725e+00,3.22006817e+01,1.30638447e+00,5.55452717e+00
6.40000000e-01,6.40000000e-01,1.48000000e+00,1.80845312e-03,1.34023745e+00,1.77967110e+00,9.94858740e-01,1.62733725e+00,3.22006817e+01,1.30638447e+00,5.55452717e+00
6.50000000e-01,6.50000000e-01,1.48000000e+00,1.82094890e-03,1.34023745e+00,1.77967110e+00,9.94858740e-01,1.62733725e+00,3.22006817e+01,1.30638447e+00,5.55452717e+00
6.60000000e-01,6.60000000e-01,1.48000000e+00,1.83309402e-03,1.34023745e+00,1.77967110e+00,9.94858740e-01,1.62733725e+00,3.22006817e+01,1.30638447e+00,5.55452717e+00
6.70000000e-01,6.70000000e-01,1.48000000e+00,1.84489969e-03,1.34023745e+00,1.77967110e+00,9.94858740e-01,1.62733725e+00,3.22006817e+01,1.30638447e+00,5.55452717e+00
6.80000000e-01,6.80000000e-01,1.48000000e+00,1.85637712e-03,1.34023745e+00,1.77967110e+00,9.94858740e-01,1.62733725e+00,3.22006817e+01,1.30638447e+00,5.55452717e+00
6.90000000e-01,6.90000000e-01,1.48000000e+00,1.86753745e-03,1.34023745e+00,1.77967110e+00,9.94858740e-01,1.62733725e+00,3.22006817e+01,1.30638447e+00,5.55452717e+00
7.00000000e-01,7.00000000e-01,1.48000000e+00,1.87839171e-03,1.34023745e+00,1.77967110e+00,9.94858740e-01,1.62733725e+00,3.22006817e+01,1.30638447e+00,5.55452717e+00
7.10000000e-01,7.10000000e-01,1.48000000e+00,1.88895078e-03,1.34023745e+00,1.77967110e+00,9.94858740e-01,1.62733725e+00,3.22006817e+01,1.30638447e+00,5.55452717e+00
7.20000000e-01,7.20000000e-01,1.48000000e+00,1.89922538e-03,1.34023745e+00,1.77967110e+00,9.94858740e-01,1.62733725e+00,3.22006817e+01,1.30638447e+00,5.55452717e+00
7.30000000e-01,7.30000000e-01,1.48000000e+00,1.90922605e-03,1.34023745e+00,1.77967110e+00,9.94858740e-01,1.62733725e+00,3.22006817e+01,1.30638447e+00,5.55452717e+00
7.40000000e-01,7.40000000e-01,1.48000000e+00,1.91896309e-03,1.34023745e+00,1.77967110e+00,9.94858740e-01,1.62733725e+00,3.22006817e+01,1.30638447e+00,5.55452717e+00
7.50000000e-01,7.50000000e-01,1.48000000e+00,1.92844657e-03,1.34023745e+00,1.77967110e+00,9.94858740e-01,1.62733725e+00,3.22006817e+01,1.30638447e+00,5.55452717e+00
7.60000000e-01,7.60000000e-01,1.48000000e+00,1.93768630e-03,1.34023745e+00,1.77967110e+00,9.94858740e-01,1.62733725e+00,3.22006817e+01,1.30638447e+00,5.55452717e+00
7.70000000e-01,7.70000000e-01,1.48000000e+00,1.94669183e-03,1.34023745e+00,1.77967110e+00,9.94858740e-01,1.62733725e+00,3.22006817e+01,1.30638447e+00,5.55452717e+00
7.80000000e-01,7.80000000e-01,1.48000000e+00,1.95547242e-03,1.34023745e+00,1.77967110e+00,9.94858740e-01,1.62733725e+00,3.22006817e+01,1.30638447e+00,5.55452717e+00
7.90000000e-01,7.90000000e-01,1.48000000e+00,1.96403704e-03,1.34023745e+00,1.77967110e+00,9.94858740e-01,1.62733725e+00,3.22006817e+01,1.30638447e+00,5.55452717e+00
8.00000000e-01,8.00000000e-01,1.48000000e+00,1.97239437e-03,1.34023745e+00,1.77967110e+00,9.94858740e-01,1.62733725e+00,3.22006817e+01,1.30638447e+00,5.55452717e+00
8.10000000e-01,8.10000000e-01,1.48000000e+00,1.98055277e-03,1.34023745e+00,1.77967110e+00,9.94858740e-01,1.62733725e+00,3.22006817e+01,1.30638447e+00,5.55452717e+00
8.20000000e-01,8.20000000e-01,1.48000000e+00,1.98852035e-03,1.34023745e+00,1.77967110e+00,9.94858740e-01,1.62733725e+00,3.22006817e+01,1.30638447e+00,5.55452717e+00
8.30000000e-01,8.30000000e-01,1.48000000e+00,1.99630486e-03,1.34023745e+00,1.77967110e+00,9.94858740e-01,1.62733725e+00,3.22006817e+01,1.30638447e+00,5.55452717e+00
8.40000000e-01,8.40000000e-01,1.48000000e+00,2.00391380e-03,1.34023745e+00,1.77967110e+00,9.94858740e-01,1.62733725e+00,3.22006817e+01,1.30638447e+00,5.55452717e+00
8.50000000e-01,8.50000000e-01,1.48000000e+00,2.01135435e-03,1.34023745e+00,1.77967110e+00,9.94858740e-01,1.62733725e+00,3.22006817e+01,1.30638447e+00,5.55452717e+00
8.60000000e-01,8.60000000e-01,1.48000000e+00,2.01863341e-03,1.34023745e+00,1.77967110e+00,9.94858740e-01,1.62733725e+00,3.22006817e+01,1.30638447e+00,5.55452717e+00
8.70000000e-01,8.70000000e-01,1.48000000e+00,2.02575760e-03,1.34023745e+00,1.77967110e+00,9.94858740e-01,1.62733725e+00,3.22006817e+01,1.30638447e+00,5.55452717e+00
8.80000000e-01,8.80000000e-01,1.48000000e+00,2.03273326e-03,1.34023745e+00,1.77967110e+00,9.94858740e-01,1.62733725e+00,3.22006817e+01,1.30638447e+00,5.55452717e+00
8.90000000e-01,8.90000000e-01,1.48000000e+00,2.03956646e-03,1.34023745e+00,1.77967110e+00,9.94858740e-01,1.62733725e+00,3.22006817e+01,1.30638447e+00,5.55452717e+00
9.00000000e-01,9.00000000e-01,1.48000000e+00,2.04626302e-03,1.34023745e+00,1.77967110e+00,9.94858740e-01,1.62733725e+00,3.22006817e+01,1.30638447e+00,5.55452717e+00
9.10000000e-01,9.10000000e-01,1.48000000e+00,2.05282848e-03,1.34023745e+00,1.77967110e+00,9.94858740e-01,1.62733725e+00,3.22006817e+01,1.30638447e+00,5.55452717e+00
9.20000000e-01,9.20000000e-01,1.48000000e+00,2.05926816e-03,1.34023745e+00,1.77967110e+00,9.94858740e-01,1.62733725e+00,3.22006817e+01,1.30638447e+00,5.55452717e+00
9.30000000e-01,9.30000000e-01,1.48000000e+00,2.06558715e-03,1.34023745e+00,1.77967110e+00,9.94858740e-01,1.62733725e+00,3.22006817e+01,1.30638447e+00,5.55452717e+00
9.40000000e-01,9.40000000e-01,1.48000000e+00,2.07179029e-03,1.34023745e+00,1.77967110e+00,9.94858740e-01,1.62733725e+00,3.22006817e+01,1.30638447e+00,5.55452717e+00
9.50000000e-01,9.50000000e-01,1.48000000e+00,2.07788221e-03,1.34023745e+00,1.77967110e+00,9.94858740e-01,1.62733725e+00,3.22006817e+01,1.30638447e+00,5.55452717e+00
9.60000000e-01,9.60000000e-01,1.48000000e+00,2.08386735e-03,1.34023745e+00,1.77967110e+00,9.94858740e-01,1.62733725e+00,3.22006817e+01,1.30638447e+00,5.55452717e+00
9.70000000e-01,9.70000000e-01,1.48000000e+00,2.08974992e-03,1.34023745e+00,1.77967110e+00,9.94858740e-01,1.62733725e+00,3.22006817e+01,1.30638447e+00,5.55452717e+00
9.80000000e-01,9.80000000e-01,1.48000000e+00,2.09553395e-03,1.34023745e+00,1.77967110e+00,9.94858740e-01,1.62733725e+00,3.22006817e+01,1.30638447e+00,5.55452717e+00
9.90000000e-01,9.90000000e-01,1.48000000e+00,2.10122330e-03,1.34023745e+00,1.77967110e+00,9.94858740e-01,1.62733725e+00,3.22006817e+01,1.30638447e+00,5.55452717e+00
1.00000000e+00,1.00000000e+00,1.48000000e+00,2.10682164e-03,1.34023745e+00,1.77967110e+00,9.94858740e-01,1.62733725e+00,3.22006817e+01,1.30638447e+00,5.55452717e+00
1.01000000e+00,1.01000000e+00,1.48000000e+00,2.11233247e-03,1.34023745e+00,1.77967110e+00,9.94858740e-01,1.62733725e+00,3.22006817e+01,1.30638447e+00,5.55452717e+00
1.02000000e+00,1.02000000e+00,1.48000000e+00,2.11775915e-03,1.34023745e+00,1.77967110e+00,9.94858740e-01,1.62733725e+00,3.22006817e+01,1.30638447e+00,5.55452717e+00
1.03000000e+00,1.03000000e+00,1.48000000e+00,2.12310486e-03,1.34023745e+00,1.77967110e+00,9.94858740e-01,1.62733725e+00,3.22006817e+01,1.30638447e+00,5.55452717e+00
1.04000000e+00,1.04000000e+00,1.48000000e+00,2.12837267e-03,1.34023745e+00,1.77967110e+00,9.94858740e-01,1.62733725e+00,3.22006817e+01,1.30638447e+00,5.55452717e+00
1.05000000e+00,1.05000000e+00,1.48000000e+00,2.13356547e-03,1.34023745e+00,1.77967110e+00,9.94858740e-01,1.62733725e+00,3.22006817e+01,1.30638447e+00,5.55452717e+00
1.06000000e+00,1.06000000e+00,1.48000000e+00,2.13868605e-03,1.34023745e+00,1.77967110e+00,9.94858740e-01,1.62733725e+00,3.22006817e+01,1.30638447e+00,5.55452717e+00
1.07000000e+00,1.07000000e+00,1.48000000e+00,2.14373706e-03,1.34023745e+00,1.77967110e+00,9.94858740e-01,1.62733725e+00,3.22006817e+01,1.30638447e+00,5.55452717e+00
1.08000000e+00,1.08000000e+00,1.48000000e+00,2.14872105e-03,1.34023745e+00,1.77967110e+00,9.94858740e-01,1.62733725e+00,3.22006817e+01,1.30638447e+00,5.55452717e+00
1.09000000e+00,1.09000000e+00,1.48000000e+00,2.15364043e-03,1.34023745e+00,1.77967110e+00,9.94858740e-01,1.62733725e+00,3.22006817e+01,1.30638447e+00,5.55452717e+00
1.10000000e+00,1.10000000e+00,1.48000000e+00,2.15849752e-03,1.34023745e+00,1.77967110e+00,9.94858740e-01,1.62733725e+00,3.22006817e+01,1.30638447e+00,5.55452717e+00
1.11000000e+00,1.11000000e+00,1.48000000e+00,2.16329453e-03,1.34023745e+00,1.77967110e+00,9.94858740e-01,1.62733725e+00,3.22006817e+01,1.30638447e+00,5.55452717e+00
1.12000000e+00,1.12000000e+00,1.48000000e+00,2.16803358e-03,1.34023745e+00,1.77967110e+00,9.94858740e-01,1.62733725e+00,3.22006817e+01,1.30638447e+00,5.55452717e+00
1.13000000e+00,1.13000000e+00,1.48000000e+00,2.17271670e-03,1.34023745e+00,1.77967110e+00,9.94858740e-01,1.62733725e+00,3.22006817e+01,1.30638447e+00,5.55452717e+00
1.14000000e+00,1.14000000e+00,1.48000000e+00,2.17734581e-03,1.34023745e+00,1.77967110e+00,9.94858740e-01,1.62733725e+00,3.22006817e+01,1.30638447e+00,5.55452717e+00
1.15000000e+00,1.15000000e+00,1.48000000e+00,2.18192276e-03,1.34023745e+00,1.77967110e+00,9.94858740e-01,1.62733725e+00,3.22006817e+01,1.30638447e+00,5.55452717e+00
1.16000000e+00,1.16000000e+00,1.48000000e+00,2.18644934e-03,1.34023745e+00,1.77967110e+00,9.94858740e-01,1.62733725e+00,3.22006817e+01,1.30638447e+00,5.55452717e+00
1.17000000e+00,1.17000000e+00,1.48000000e+00,2.19092723e-03,1.34023745e+00,1.77967110e+00,9.94858740e-01,1.62733725e+00,3.22006817e+01,1.30638447e+00,5.55452717e+00
1.18000000e+00,1.18000000e+00,1.48000000e+00,2.19535806e-03,1.34023745e+00,1.77967110e+00,9.94858740e-01,1.62733725e+00,3.22006817e+01,1.30638447e+00,5.55452717e+00
1.19000000e+00,1.19000000e+00,1.48000000e+00,2.19974338e-03,1.34023745e+00,1.77967110e+00,9.94858740e-01,1.62733725e+00,3.22006817e+01,1.30638447e+00,5.55452717e+00
1.20000000e+00,1.20000000e+00,1.48000000e+00,2.20408468e-03,1.34023745e+00,1.77967110e+00,9.94858740e-01,1.62733725e+00,3.22006817e+01,1.30638447e+00,5.55452717e+00
1.21000000e+00,1.21000000e+00,1.48000000e+00,2.20838340e-03,1.34023745e+00,1.77967110e+00,9.94858740e-01,1.62733725e+00,3.22006817e+01,1.30638447e+00,5.55452717e+00
1.22000000e+00,1.22000000e+00,1.48000000e+00,2.21264090e-03,1.34023745e+00,1.77967110e+00,9.94858740e-01,1.62733725e+00,3.22006817e+01,1.30638447e+00,5.55452717e+00
1.23000000e+00,1.23000000e+00,1.48000000e+00,2.21685849e-03,1.34023745e+00,1.77967110e+00,9.94858740e-01,1.62733725e+00,3.22006817e+01,1.30638447e+00,5.55452717e+00
1.24000000e+00,1.24000000e+00,1.48000000e+00,2.22103743e-03,1.34023745e+00,1.77967110e+00,9.94858740e-01,1.62733725e+00,3.22006817e+01,1.30638447e+00,5.55452717e+00
1.25000000e+00,1.25000000e+00,1.48000000e+00,2.22517893e-03,1.34023745e+00,1.77967110e+00,9.94858740e-01,1.62733725e+00,3.22006817e+01,1.30638447e+00,5.55452717e+00
1.26000000e+00,1.26000000e+00,1.48000000e+00,2.22928415e-03,1.34023745e+00,1.77967110e+00,9.94858740e-01,1.62733725e+00,3.22006817e+01,1.30638447e+00,5.55452717e+00
1.27000000e+00,1.27000000e+00,1.48000000e+00,2.23335421e-03,1.34023745e+00,1.77967110e+00,9.94858740e-01,1.62733725e+00,3.22006817e+01,1.30638447e+00,5.55452717e+00
1.28000000e+00,1.28000000e+00,1.48000000e+00,2.23739016e-03,1.34023745e+00,1.77967110e+00,9.94858740e-01,1.62733725e+00,3.22006817e+01,1.30638447e+00,5.55452717e+00
1.29000000e+00,1.29000000e+00,1.48000000e+00,2.24139305e-03,1.34023745e+00,1.77967110e+00,9.94858740e-01,1.62733725e+00,3.22006817e+01,1.30638447e+00,5.55452717e+00
1.30000000e+00,1.30000000e+00,1.48000000e+00,2.24536385e-03,1.34023745e+00,1.77967110e+00,9.94858740e-01,1.62733725e+00,3.22006817e+01,1.30638447e+00,5.55452717e+00
1.31000000e+00,1.31000000e+00,1.48000000e+00,2.24930353e-03,1.34023745e+00,1.77967110e+00,9.94858740e-01,1.62733725e+00,3.22006817e+01,1.30638447e+00,5.55452717e+00
1.32000000e+00,1.32000000e+00,1.48000000e+00,2.25321298e-03,1.34023745e+00,1.77967110e+00,9.94858740e-01,1.62733725e+00,3.22006817e+01,1.30638447e+00,5.55452717e+00
1.33000000e+00,1.33000000e+00,1.48000000e+00,2.25709308e-03,1.34023745e+00,1.77967110e+00,9.94858740e-01,1.62733725e+00,3.22006817e+01,1.30638447e+00,5.55452717e+00
1.34000000e+00,1.34000000e+00,1.48000000e+00,2.26094469e-03,1.34023745e+00,1.77967110e+00,9.94858740e-01,1.62733725e+00,3.22006817e+01,1.30638447e+00,5.55452717e+00
1.35000000e+00,1.35000000e+00,1.48000000e+00,2.26476862e-03,1.34023745e+00,1.77967110e+00,9.94858740e-01,1.62733725e+00,3.22006817e+01,1.30638447e+00,5.55452717e+00
1.36000000e+00,1.36000000e+00,1.48000000e+00,2.26856564e-03,1.34023745e+00,1.77967110e+00,9.94858740e-01,1.62733725e+00,3.22006817e+01,1.30638447e+00,5.55452717e+00
1.37000000e+00,1.37000000e+00,1.48000000e+00,2.27233652e-03,1.34023745e+00,1.77967110e+00,9.94858740e-01,1.62733725e+00,3.22006817e+01,1.30638447e+00,5.55452717e+00
1.38000000e+00,1.38000000e+00,1.48000000e+00,2.27608197e-03,1.34023745e+00,1.77967110e+00,9.94858740e-01,1.62733725e+00,3.22006817e+01,1.30638447e+00,5.55452717e+00
1.39000000e+00,1.39000000e+00,1.48000000e+00,2.27980270e-03,1.34023745e+00,1.77967110e+00,9.94858740e-01,1.62733725e+00,3.22006817e+01,1.30638447e+00,5.55452717e+00
1.40000000e+00,1.40000000e+00,1.48000000e+00,2.28349938e-03,1.34023745e+00,1.77967110e+00,9.94858740e-01,1.62733725e+00,3.22006817e+01,1.30638447e+00,5.55452717e+00
1.41000000e+00,1.41000000e+00,1.48000000e+00,2.28717267e-03,1.34023745e+00,1.77967110e+00,9.94858740e-01,1.62733725e+00,3.22006817e+01,1.30638447e+00,5.55452717e+00
1.42000000e+00,1.42000000e+00,1.48000000e+00,2.29082319e-03,1.34023745e+00,1.77967110e+00,9.94858740e-01,1.62733725e+00,3.22006817e+01,1.30638447e+00,5.55452717e+00
1.43000000e+00,1.43000000e+00,1.48000000e+00,2.29445154e-03,1.34023745e+00,1.77967110e+00,9.94858740e-01,1.62733725e+00,3.22006817e+01,1.30638447e+00,5.55452717e+00
1.44000000e+00,1.44000000e+00,1.48000000e+00,2.29805832e-03,1.34023745e+00,1.77967110e+00,9.94858740e-01,1.62733725e+00,3.22006817e+01,1.30638447e+00,5.55452717e+00
1.45000000e+00,1.45000000e+00,1.48000000e+00,2.30164408e-03,1.34023745e+00,1.77967110e+00,9.94858740e-01,1.62733725e+00,3.22006817e+01,1.30638447e+00,5.55452717e+00
1.46000000e+00,1.46000000e+00,1.48000000e+00,2.30520937e-03,1.34023745e+00,1.77967110e+00,9.94858740e-01,1.62733725e+00,3.22006817e+01,1.30638447e+00,5.55452717e+00
1.47000000e+00,1.47000000e+00,1.48000000e+00,2.30875471e-03,1.34023745e+00,1.77967110e+00,9.94858740e-01,1.62733725e+00,3.22006817e+01,1.30638447e+00,5.55452717e+00
1.48000000e+00,1.48000000e+00,1.48000000e+00,2.31228062e-03,1.34023745e+00,1.77967110e+00,9.94858740e-01,1.62733725e+00,3.22006817e+01,1.30638447e+00,5.55452717e+00
1.49000000e+00,1.49000000e+00,1.48000000e+00,2.31578759e-03,1.34023745e+00,1.77967110e+00,9.94858740e-01,1.62733725e+00,3.22006817e+01,1.30638447e+00,5.55452717e+00
1.50000000e+00,1.50000000e+00,1.48000000e+00,2.31927608e-03,1.34023745e+00,1.77967110e+00,9.94858740e-01,1.62733725e+00,3.22006817e+01,1.30638447e+00,5.55452717e+00
1.51000000e+00,1.51000000e+00,1.48000000e+00,2.32274657e-03,1.34023745e+00,1.77967110e+00,9.94858740e-01,1.62733725e+00,3.22006817e+01,1.30638447e+00,5.55452717e+00
1.52000000e+00,1.52000000e+00,1.48000000e+00,2.32619948e-03,1.34023745e+00,1.77967110e+00,9.94858740e-01,1.62733725e+00,3.22006817e+01,1.30638447e+00,5.55452717e+00
1.53000000e+00,1.53000000e+00,1.48000000e+00,2.32963526e-03,1.34023745e+00,1.77967110e+00,9.94858740e-01,1.62733725e+00,3.22006817e+01,1.30638447e+00,5.55452717e+00
1.54000000e+00,1.54000000e+00,1.48000000e+00,2.33305432e-03,1.34023745e+00,1.77967110e+00,9.94858740e-01,1.62733725e+00,3.22006817e+01,1.30638447e+00,5.55452717e+00
1.55000000e+00,1.55000000e+00,1.48000000e+00,2.33645706e-03,1.34023745e+00,1.77967110e+00,9.94858740e-01,1.62733725e+00,3.22006817e+01,1.30638447e+00,5.55452717e+00
1.56000000e+00,1.56000000e+00,1.48000000e+00,2.33984387e-03,1.34023745e+00,1.77967110e+00,9.94858740e-01,1.62733725e+00,3.22006817e+01,1.30638447e+00,5.55452717e+00
1.57000000e+00,1.57000000e+00,1.48000000e+00,2.34321513e-03,1.34023745e+00,1.77967110e+00,9.94858740e-01,1.62733725e+00,3.22006817e+01,1.30638447e+00,5.55452717e+00
1.58000000e+00,1.58000000e+00,1.48000000e+00,2.34657120e-03,1.34023745e+00,1.77967110e+00,9.94858740e-01,1.62733725e+00,3.22006817e+01,1.30638447e+00,5.55452717e+00
1.59000000e+00,1.59000000e+00,1.48000000e+00,2.34991244e-03,1.34023745e+00,1.77967110e+00,9.94858740e-01,1.62733725e+00,3.22006817e+01,1.30638447e+00,5.55452717e+00
1.60000000e+00,1.60000000e+00,1.48000000e+00,2.35323919e-03,1.34023745e+00,1.77967110e+00,9.94858740e-01,1.62733725e+00,3.22006817e+01,1.30638447e+00,5.55452717e+00
1.61000000e+00,1.61000000e+00,1.48000000e+00,2.35655179e-03,1.34023745e+00,1.77967110e+00,9.94858740e-01,1.62733725e+00,3.22006817e+01,1.30638447e+00,5.55452717e+00
1.62000000e+00,1.62000000e+00,1.48000000e+00,2.35985055e-03,1.34023745e+00,1.77967110e+00,9.94858740e-01,1.62733725e+00,3.22006817e+01,1.30638447e+00,5.55452717e+00
1.63000000e+00,1.63000000e+00,1.48000000e+00,2.36313579e-03,1.34023745e+00,1.77967110e+00,9.94858740e-01,1.62733725e+00,3.22006817e+01,1.30638447e+00,5.55452717e+00
1.64000000e+00,1.64000000e+00,1.48000000e+00,2.36640782e-03,1.34023745e+00,1.77967110e+00,9.94858740e-01,1.62733725e+00,3.22006817e+01,1.30638447e+00,5.55452717e+00
1.65000000e+00,1.65000000e+00,1.48000000e+00,2.36966692e-03,1.34023745e+00,1.77967110e+00,9.94858740e-01,1.62733725e+00,3.22006817e+01,1.30638447e+00,5.55452717e+00
1.66000000e+00,1.66000000e+00,1.48000000e+00,2.37291339e-03,1.34023745e+00,1.77967110e+00,9.94858740e-01,1.62733725e+00,3.22006817e+01,1.30638447e+00,5.55452717e+00
1.67000000e+00,1.67000000e+00,1.48000000e+00,2.37614750e-03,1.34023745e+00,1.77967110e+00,9.94858740e-01,1.62733725e+00,3.22006817e+01,1.30638447e+00,5.55452717e+00
1.68000000e+00,1.68000000e+00,1.48000000e+00,2.37936952e-03,1.34023745e+00,1.77967110e+00,9.94858740e-01,1.62733725e+00,3.22006817e+01,1.30638447e+00,5.55452717e+00
1.69000000e+00,1.69000000e+00,1.48000000e+00,2.38257972e-03,1.34023745e+00,1.77967110e+00,9.94858740e-01,1.62733725e+00,3.22006817e+01,1.30638447e+00,5.55452717e+00
1.70000000e+00,1.70000000e+00,1.48000000e+00,2.38577834e-03,1.34023745e+00,1.77967110e+00,9.94858740e-01,1.62733725e+00,3.22006817e+01,1.30638447e+00,5.55452717e+00
1.71000000e+00,1.71000000e+00,1.48000000e+00,2.38896564e-03,1.34023745e+00,1.77967110e+00,9.94858740e-01,1.62733725e+00,3.22006817e+01,1.30638447e+00,5.55452717e+00
1.72000000e+00,1.72000000e+00,1.48000000e+00,2.39214186e-03,1.34023745e+00,1.77967110e+00,9.94858740e-01,1.62733725e+00,3.22006817e+01,1.30638447e+00,5.55452717e+00
1.73000000e+00,1.73000000e+00,1.48000000e+00,2.39530723e-03,1.34023745e+00,1.77967110e+00,9.94858740e-01,1.62733725e+00,3.22006817e+01,1.30638447e+00,5.55452717e+00
1.74000000e+00,1.74000000e+00,1.48000000e+00,2.39846198e-03,1.34023745e+00,1.77967110e+00,9.94858740e-01,1.62733725e+00,3.22006817e+01,1.30638447e+00,5.55452717e+00
1.75000000e+00,1.75000000e+00,1.48000000e+00,2.40160632e-03,1.34023745e+00,1.77967110e+00,9.94858740e-01,1.62733725e+00,3.22006817e+01,1.30638447e+00,5.55452717e+00
1.76000000e+00,1.76000000e+00,1.48000000e+00,2.40474049e-03,1.34023745e+00,1.77967110e+00,9.94858740e-01,1.62733725e+00,3.22006817e+01,1.30638447e+00,5.55452717e+00
1.77000000e+00,1.77000000e+00,1.48000000e+00,2.40786467e-03,1.34023745e+00,1.77967110e+00,9.94858740e-01,1.62733725e+00,3.22006817e+01,1.30638447e+00,5.55452717e+00
1.78000000e+00,1.78000000e+00,1.48000000e+00,2.41097909e-03,1.34023745e+00,1.77967110e+00,9.94858740e-01,1.62733725e+00,3.22006817e+01,1.30638447e+00,5.55452717e+00
1.79000000e+00,1.79000000e+00,1.48000000e+00,2.41408394e-03,1.34023745e+00,1.77967110e+00,9.94858740e-01,1.62733725e+00,3.22006817e+01,1.30638447e+00,5.55452717e+00
1.80000000e+00,1.80000000e+00,1.48000000e+00,2.41717942e-03,1.34023745e+00,1.77967110e+00,9.94858740e-01,1.62733725e+00,3.22006817e+01,1.30638447e+00,5.55452717e+00
1.81000000e+00,1.81000000e+00,1.48000000e+00,2.42026571e-03,1.34023745e+00,1.77967110e+00,9.94858740e-01,1.62733725e+00,3.22006817e+01,1.30638447e+00,5.55452717e+00
1.82000000e+00,1.82000000e+00,1.48000000e+00,2.42334300e-03,1.34023745e+00,1.77967110e+00,9.94858740e-01,1.62733725e+00,3.22006817e+01,1.30638447e+00,5.55452717e+00
1.83000000e+00,1.83000000e+00,1.48000000e+00,2.42641148e-03,1.34023745e+00,1.77967110e+00,9.94858740e-01,1.62733725e+00,3.22006817e+01,1.30638447e+00,5.55452717e+00
1.84000000e+00,1.84000000e+00,1.48000000e+00,2.42947131e-03,1.34023745e+00,1.77967110e+00,9.94858740e-01,1.62733725e+00,3.22006817e+01,1.30638447e+00,5.55452717e+00
1.85000000e+00,1.85000000e+00,1.48000000e+00,2.43252268e-03,1.34023745e+00,1.77967110e+00,9.94858740e-01,1.62733725e+00,3.22006817e+01,1.30638447e+00,5.55452717e+00
