vSweep,run_num,vd,id,vth0,u0,rdsw,nfactor,vsat,eta0
0.00000000e+00,8.19700000e+03,1.85000000e+00,-2.64242652e-44,3.61066616e-01,5.76458767e-02,1.00820156e+02,5.52542015e+00,1.06460976e+05,-1.88935699e-01
1.00000000e-02,8.19700000e+03,1.85000000e+00,-3.99735234e-05,3.61066616e-01,5.76458767e-02,1.00820156e+02,5.52542015e+00,1.06460976e+05,-1.88935699e-01
2.00000000e-02,8.19700000e+03,1.85000000e+00,-7.91065510e-05,3.61066616e-01,5.76458767e-02,1.00820156e+02,5.52542015e+00,1.06460976e+05,-1.88935699e-01
3.00000000e-02,8.19700000e+03,1.85000000e+00,-1.17386679e-04,3.61066616e-01,5.76458767e-02,1.00820156e+02,5.52542015e+00,1.06460976e+05,-1.88935699e-01
4.00000000e-02,8.19700000e+03,1.85000000e+00,-1.54801876e-04,3.61066616e-01,5.76458767e-02,1.00820156e+02,5.52542015e+00,1.06460976e+05,-1.88935699e-01
5.00000000e-02,8.19700000e+03,1.85000000e+00,-1.91340044e-04,3.61066616e-01,5.76458767e-02,1.00820156e+02,5.52542015e+00,1.06460976e+05,-1.88935699e-01
6.00000000e-02,8.19700000e+03,1.85000000e+00,-2.26988662e-04,3.61066616e-01,5.76458767e-02,1.00820156e+02,5.52542015e+00,1.06460976e+05,-1.88935699e-01
7.00000000e-02,8.19700000e+03,1.85000000e+00,-2.61734512e-04,3.61066616e-01,5.76458767e-02,1.00820156e+02,5.52542015e+00,1.06460976e+05,-1.88935699e-01
8.00000000e-02,8.19700000e+03,1.85000000e+00,-2.95563480e-04,3.61066616e-01,5.76458767e-02,1.00820156e+02,5.52542015e+00,1.06460976e+05,-1.88935699e-01
9.00000000e-02,8.19700000e+03,1.85000000e+00,-3.28460430e-04,3.61066616e-01,5.76458767e-02,1.00820156e+02,5.52542015e+00,1.06460976e+05,-1.88935699e-01
1.00000000e-01,8.19700000e+03,1.85000000e+00,-3.60409162e-04,3.61066616e-01,5.76458767e-02,1.00820156e+02,5.52542015e+00,1.06460976e+05,-1.88935699e-01
1.10000000e-01,8.19700000e+03,1.85000000e+00,-3.91392470e-04,3.61066616e-01,5.76458767e-02,1.00820156e+02,5.52542015e+00,1.06460976e+05,-1.88935699e-01
1.20000000e-01,8.19700000e+03,1.85000000e+00,-4.21392305e-04,3.61066616e-01,5.76458767e-02,1.00820156e+02,5.52542015e+00,1.06460976e+05,-1.88935699e-01
1.30000000e-01,8.19700000e+03,1.85000000e+00,-4.50390062e-04,3.61066616e-01,5.76458767e-02,1.00820156e+02,5.52542015e+00,1.06460976e+05,-1.88935699e-01
1.40000000e-01,8.19700000e+03,1.85000000e+00,-4.78367005e-04,3.61066616e-01,5.76458767e-02,1.00820156e+02,5.52542015e+00,1.06460976e+05,-1.88935699e-01
1.50000000e-01,8.19700000e+03,1.85000000e+00,-5.05304838e-04,3.61066616e-01,5.76458767e-02,1.00820156e+02,5.52542015e+00,1.06460976e+05,-1.88935699e-01
1.60000000e-01,8.19700000e+03,1.85000000e+00,-5.31186416e-04,3.61066616e-01,5.76458767e-02,1.00820156e+02,5.52542015e+00,1.06460976e+05,-1.88935699e-01
1.70000000e-01,8.19700000e+03,1.85000000e+00,-5.55996585e-04,3.61066616e-01,5.76458767e-02,1.00820156e+02,5.52542015e+00,1.06460976e+05,-1.88935699e-01
1.80000000e-01,8.19700000e+03,1.85000000e+00,-5.79723116e-04,3.61066616e-01,5.76458767e-02,1.00820156e+02,5.52542015e+00,1.06460976e+05,-1.88935699e-01
1.90000000e-01,8.19700000e+03,1.85000000e+00,-6.02357678e-04,3.61066616e-01,5.76458767e-02,1.00820156e+02,5.52542015e+00,1.06460976e+05,-1.88935699e-01
2.00000000e-01,8.19700000e+03,1.85000000e+00,-6.23896792e-04,3.61066616e-01,5.76458767e-02,1.00820156e+02,5.52542015e+00,1.06460976e+05,-1.88935699e-01
2.10000000e-01,8.19700000e+03,1.85000000e+00,-6.44342671e-04,3.61066616e-01,5.76458767e-02,1.00820156e+02,5.52542015e+00,1.06460976e+05,-1.88935699e-01
2.20000000e-01,8.19700000e+03,1.85000000e+00,-6.63703876e-04,3.61066616e-01,5.76458767e-02,1.00820156e+02,5.52542015e+00,1.06460976e+05,-1.88935699e-01
2.30000000e-01,8.19700000e+03,1.85000000e+00,-6.81995708e-04,3.61066616e-01,5.76458767e-02,1.00820156e+02,5.52542015e+00,1.06460976e+05,-1.88935699e-01
2.40000000e-01,8.19700000e+03,1.85000000e+00,-6.99240285e-04,3.61066616e-01,5.76458767e-02,1.00820156e+02,5.52542015e+00,1.06460976e+05,-1.88935699e-01
2.50000000e-01,8.19700000e+03,1.85000000e+00,-7.15466295e-04,3.61066616e-01,5.76458767e-02,1.00820156e+02,5.52542015e+00,1.06460976e+05,-1.88935699e-01
2.60000000e-01,8.19700000e+03,1.85000000e+00,-7.30708429e-04,3.61066616e-01,5.76458767e-02,1.00820156e+02,5.52542015e+00,1.06460976e+05,-1.88935699e-01
2.70000000e-01,8.19700000e+03,1.85000000e+00,-7.45006558e-04,3.61066616e-01,5.76458767e-02,1.00820156e+02,5.52542015e+00,1.06460976e+05,-1.88935699e-01
2.80000000e-01,8.19700000e+03,1.85000000e+00,-7.58404718e-04,3.61066616e-01,5.76458767e-02,1.00820156e+02,5.52542015e+00,1.06460976e+05,-1.88935699e-01
2.90000000e-01,8.19700000e+03,1.85000000e+00,-7.70949997e-04,3.61066616e-01,5.76458767e-02,1.00820156e+02,5.52542015e+00,1.06460976e+05,-1.88935699e-01
3.00000000e-01,8.19700000e+03,1.85000000e+00,-7.82691404e-04,3.61066616e-01,5.76458767e-02,1.00820156e+02,5.52542015e+00,1.06460976e+05,-1.88935699e-01
3.10000000e-01,8.19700000e+03,1.85000000e+00,-7.93678801e-04,3.61066616e-01,5.76458767e-02,1.00820156e+02,5.52542015e+00,1.06460976e+05,-1.88935699e-01
3.20000000e-01,8.19700000e+03,1.85000000e+00,-8.03961940e-04,3.61066616e-01,5.76458767e-02,1.00820156e+02,5.52542015e+00,1.06460976e+05,-1.88935699e-01
3.30000000e-01,8.19700000e+03,1.85000000e+00,-8.13589657e-04,3.61066616e-01,5.76458767e-02,1.00820156e+02,5.52542015e+00,1.06460976e+05,-1.88935699e-01
3.40000000e-01,8.19700000e+03,1.85000000e+00,-8.22609221e-04,3.61066616e-01,5.76458767e-02,1.00820156e+02,5.52542015e+00,1.06460976e+05,-1.88935699e-01
3.50000000e-01,8.19700000e+03,1.85000000e+00,-8.31065844e-04,3.61066616e-01,5.76458767e-02,1.00820156e+02,5.52542015e+00,1.06460976e+05,-1.88935699e-01
3.60000000e-01,8.19700000e+03,1.85000000e+00,-8.39002350e-04,3.61066616e-01,5.76458767e-02,1.00820156e+02,5.52542015e+00,1.06460976e+05,-1.88935699e-01
3.70000000e-01,8.19700000e+03,1.85000000e+00,-8.46458961e-04,3.61066616e-01,5.76458767e-02,1.00820156e+02,5.52542015e+00,1.06460976e+05,-1.88935699e-01
3.80000000e-01,8.19700000e+03,1.85000000e+00,-8.53473202e-04,3.61066616e-01,5.76458767e-02,1.00820156e+02,5.52542015e+00,1.06460976e+05,-1.88935699e-01
3.90000000e-01,8.19700000e+03,1.85000000e+00,-8.60079882e-04,3.61066616e-01,5.76458767e-02,1.00820156e+02,5.52542015e+00,1.06460976e+05,-1.88935699e-01
4.00000000e-01,8.19700000e+03,1.85000000e+00,-8.66311148e-04,3.61066616e-01,5.76458767e-02,1.00820156e+02,5.52542015e+00,1.06460976e+05,-1.88935699e-01
4.10000000e-01,8.19700000e+03,1.85000000e+00,-8.72196582e-04,3.61066616e-01,5.76458767e-02,1.00820156e+02,5.52542015e+00,1.06460976e+05,-1.88935699e-01
4.20000000e-01,8.19700000e+03,1.85000000e+00,-8.77763329e-04,3.61066616e-01,5.76458767e-02,1.00820156e+02,5.52542015e+00,1.06460976e+05,-1.88935699e-01
4.30000000e-01,8.19700000e+03,1.85000000e+00,-8.83036242e-04,3.61066616e-01,5.76458767e-02,1.00820156e+02,5.52542015e+00,1.06460976e+05,-1.88935699e-01
4.40000000e-01,8.19700000e+03,1.85000000e+00,-8.88038047e-04,3.61066616e-01,5.76458767e-02,1.00820156e+02,5.52542015e+00,1.06460976e+05,-1.88935699e-01
4.50000000e-01,8.19700000e+03,1.85000000e+00,-8.92789498e-04,3.61066616e-01,5.76458767e-02,1.00820156e+02,5.52542015e+00,1.06460976e+05,-1.88935699e-01
4.60000000e-01,8.19700000e+03,1.85000000e+00,-8.97309536e-04,3.61066616e-01,5.76458767e-02,1.00820156e+02,5.52542015e+00,1.06460976e+05,-1.88935699e-01
4.70000000e-01,8.19700000e+03,1.85000000e+00,-9.01615446e-04,3.61066616e-01,5.76458767e-02,1.00820156e+02,5.52542015e+00,1.06460976e+05,-1.88935699e-01
4.80000000e-01,8.19700000e+03,1.85000000e+00,-9.05722999e-04,3.61066616e-01,5.76458767e-02,1.00820156e+02,5.52542015e+00,1.06460976e+05,-1.88935699e-01
4.90000000e-01,8.19700000e+03,1.85000000e+00,-9.09646589e-04,3.61066616e-01,5.76458767e-02,1.00820156e+02,5.52542015e+00,1.06460976e+05,-1.88935699e-01
5.00000000e-01,8.19700000e+03,1.85000000e+00,-9.13399357e-04,3.61066616e-01,5.76458767e-02,1.00820156e+02,5.52542015e+00,1.06460976e+05,-1.88935699e-01
5.10000000e-01,8.19700000e+03,1.85000000e+00,-9.16993312e-04,3.61066616e-01,5.76458767e-02,1.00820156e+02,5.52542015e+00,1.06460976e+05,-1.88935699e-01
5.20000000e-01,8.19700000e+03,1.85000000e+00,-9.20439431e-04,3.61066616e-01,5.76458767e-02,1.00820156e+02,5.52542015e+00,1.06460976e+05,-1.88935699e-01
5.30000000e-01,8.19700000e+03,1.85000000e+00,-9.23747762e-04,3.61066616e-01,5.76458767e-02,1.00820156e+02,5.52542015e+00,1.06460976e+05,-1.88935699e-01
5.40000000e-01,8.19700000e+03,1.85000000e+00,-9.26927507e-04,3.61066616e-01,5.76458767e-02,1.00820156e+02,5.52542015e+00,1.06460976e+05,-1.88935699e-01
5.50000000e-01,8.19700000e+03,1.85000000e+00,-9.29987103e-04,3.61066616e-01,5.76458767e-02,1.00820156e+02,5.52542015e+00,1.06460976e+05,-1.88935699e-01
5.60000000e-01,8.19700000e+03,1.85000000e+00,-9.32934295e-04,3.61066616e-01,5.76458767e-02,1.00820156e+02,5.52542015e+00,1.06460976e+05,-1.88935699e-01
5.70000000e-01,8.19700000e+03,1.85000000e+00,-9.35776198e-04,3.61066616e-01,5.76458767e-02,1.00820156e+02,5.52542015e+00,1.06460976e+05,-1.88935699e-01
5.80000000e-01,8.19700000e+03,1.85000000e+00,-9.38519361e-04,3.61066616e-01,5.76458767e-02,1.00820156e+02,5.52542015e+00,1.06460976e+05,-1.88935699e-01
5.90000000e-01,8.19700000e+03,1.85000000e+00,-9.41169812e-04,3.61066616e-01,5.76458767e-02,1.00820156e+02,5.52542015e+00,1.06460976e+05,-1.88935699e-01
6.00000000e-01,8.19700000e+03,1.85000000e+00,-9.43733111e-04,3.61066616e-01,5.76458767e-02,1.00820156e+02,5.52542015e+00,1.06460976e+05,-1.88935699e-01
6.10000000e-01,8.19700000e+03,1.85000000e+00,-9.46214391e-04,3.61066616e-01,5.76458767e-02,1.00820156e+02,5.52542015e+00,1.06460976e+05,-1.88935699e-01
6.20000000e-01,8.19700000e+03,1.85000000e+00,-9.48618396e-04,3.61066616e-01,5.76458767e-02,1.00820156e+02,5.52542015e+00,1.06460976e+05,-1.88935699e-01
6.30000000e-01,8.19700000e+03,1.85000000e+00,-9.50949517e-04,3.61066616e-01,5.76458767e-02,1.00820156e+02,5.52542015e+00,1.06460976e+05,-1.88935699e-01
6.40000000e-01,8.19700000e+03,1.85000000e+00,-9.53211821e-04,3.61066616e-01,5.76458767e-02,1.00820156e+02,5.52542015e+00,1.06460976e+05,-1.88935699e-01
6.50000000e-01,8.19700000e+03,1.85000000e+00,-9.55409080e-04,3.61066616e-01,5.76458767e-02,1.00820156e+02,5.52542015e+00,1.06460976e+05,-1.88935699e-01
6.60000000e-01,8.19700000e+03,1.85000000e+00,-9.57544797e-04,3.61066616e-01,5.76458767e-02,1.00820156e+02,5.52542015e+00,1.06460976e+05,-1.88935699e-01
6.70000000e-01,8.19700000e+03,1.85000000e+00,-9.59622230e-04,3.61066616e-01,5.76458767e-02,1.00820156e+02,5.52542015e+00,1.06460976e+05,-1.88935699e-01
6.80000000e-01,8.19700000e+03,1.85000000e+00,-9.61644410e-04,3.61066616e-01,5.76458767e-02,1.00820156e+02,5.52542015e+00,1.06460976e+05,-1.88935699e-01
6.90000000e-01,8.19700000e+03,1.85000000e+00,-9.63614160e-04,3.61066616e-01,5.76458767e-02,1.00820156e+02,5.52542015e+00,1.06460976e+05,-1.88935699e-01
7.00000000e-01,8.19700000e+03,1.85000000e+00,-9.65534115e-04,3.61066616e-01,5.76458767e-02,1.00820156e+02,5.52542015e+00,1.06460976e+05,-1.88935699e-01
7.10000000e-01,8.19700000e+03,1.85000000e+00,-9.67406735e-04,3.61066616e-01,5.76458767e-02,1.00820156e+02,5.52542015e+00,1.06460976e+05,-1.88935699e-01
7.20000000e-01,8.19700000e+03,1.85000000e+00,-9.69234319e-04,3.61066616e-01,5.76458767e-02,1.00820156e+02,5.52542015e+00,1.06460976e+05,-1.88935699e-01
7.30000000e-01,8.19700000e+03,1.85000000e+00,-9.71019017e-04,3.61066616e-01,5.76458767e-02,1.00820156e+02,5.52542015e+00,1.06460976e+05,-1.88935699e-01
7.40000000e-01,8.19700000e+03,1.85000000e+00,-9.72762845e-04,3.61066616e-01,5.76458767e-02,1.00820156e+02,5.52542015e+00,1.06460976e+05,-1.88935699e-01
7.50000000e-01,8.19700000e+03,1.85000000e+00,-9.74467692e-04,3.61066616e-01,5.76458767e-02,1.00820156e+02,5.52542015e+00,1.06460976e+05,-1.88935699e-01
7.60000000e-01,8.19700000e+03,1.85000000e+00,-9.76135330e-04,3.61066616e-01,5.76458767e-02,1.00820156e+02,5.52542015e+00,1.06460976e+05,-1.88935699e-01
7.70000000e-01,8.19700000e+03,1.85000000e+00,-9.77767425e-04,3.61066616e-01,5.76458767e-02,1.00820156e+02,5.52542015e+00,1.06460976e+05,-1.88935699e-01
7.80000000e-01,8.19700000e+03,1.85000000e+00,-9.79365541e-04,3.61066616e-01,5.76458767e-02,1.00820156e+02,5.52542015e+00,1.06460976e+05,-1.88935699e-01
7.90000000e-01,8.19700000e+03,1.85000000e+00,-9.80931152e-04,3.61066616e-01,5.76458767e-02,1.00820156e+02,5.52542015e+00,1.06460976e+05,-1.88935699e-01
8.00000000e-01,8.19700000e+03,1.85000000e+00,-9.82465645e-04,3.61066616e-01,5.76458767e-02,1.00820156e+02,5.52542015e+00,1.06460976e+05,-1.88935699e-01
8.10000000e-01,8.19700000e+03,1.85000000e+00,-9.83970329e-04,3.61066616e-01,5.76458767e-02,1.00820156e+02,5.52542015e+00,1.06460976e+05,-1.88935699e-01
8.20000000e-01,8.19700000e+03,1.85000000e+00,-9.85446437e-04,3.61066616e-01,5.76458767e-02,1.00820156e+02,5.52542015e+00,1.06460976e+05,-1.88935699e-01
8.30000000e-01,8.19700000e+03,1.85000000e+00,-9.86895135e-04,3.61066616e-01,5.76458767e-02,1.00820156e+02,5.52542015e+00,1.06460976e+05,-1.88935699e-01
8.40000000e-01,8.19700000e+03,1.85000000e+00,-9.88317522e-04,3.61066616e-01,5.76458767e-02,1.00820156e+02,5.52542015e+00,1.06460976e+05,-1.88935699e-01
8.50000000e-01,8.19700000e+03,1.85000000e+00,-9.89714642e-04,3.61066616e-01,5.76458767e-02,1.00820156e+02,5.52542015e+00,1.06460976e+05,-1.88935699e-01
8.60000000e-01,8.19700000e+03,1.85000000e+00,-9.91087479e-04,3.61066616e-01,5.76458767e-02,1.00820156e+02,5.52542015e+00,1.06460976e+05,-1.88935699e-01
8.70000000e-01,8.19700000e+03,1.85000000e+00,-9.92436967e-04,3.61066616e-01,5.76458767e-02,1.00820156e+02,5.52542015e+00,1.06460976e+05,-1.88935699e-01
8.80000000e-01,8.19700000e+03,1.85000000e+00,-9.93763991e-04,3.61066616e-01,5.76458767e-02,1.00820156e+02,5.52542015e+00,1.06460976e+05,-1.88935699e-01
8.90000000e-01,8.19700000e+03,1.85000000e+00,-9.95069391e-04,3.61066616e-01,5.76458767e-02,1.00820156e+02,5.52542015e+00,1.06460976e+05,-1.88935699e-01
9.00000000e-01,8.19700000e+03,1.85000000e+00,-9.96353962e-04,3.61066616e-01,5.76458767e-02,1.00820156e+02,5.52542015e+00,1.06460976e+05,-1.88935699e-01
9.10000000e-01,8.19700000e+03,1.85000000e+00,-9.97618462e-04,3.61066616e-01,5.76458767e-02,1.00820156e+02,5.52542015e+00,1.06460976e+05,-1.88935699e-01
9.20000000e-01,8.19700000e+03,1.85000000e+00,-9.98863610e-04,3.61066616e-01,5.76458767e-02,1.00820156e+02,5.52542015e+00,1.06460976e+05,-1.88935699e-01
9.30000000e-01,8.19700000e+03,1.85000000e+00,-1.00009009e-03,3.61066616e-01,5.76458767e-02,1.00820156e+02,5.52542015e+00,1.06460976e+05,-1.88935699e-01
9.40000000e-01,8.19700000e+03,1.85000000e+00,-1.00129856e-03,3.61066616e-01,5.76458767e-02,1.00820156e+02,5.52542015e+00,1.06460976e+05,-1.88935699e-01
9.50000000e-01,8.19700000e+03,1.85000000e+00,-1.00248962e-03,3.61066616e-01,5.76458767e-02,1.00820156e+02,5.52542015e+00,1.06460976e+05,-1.88935699e-01
9.60000000e-01,8.19700000e+03,1.85000000e+00,-1.00366389e-03,3.61066616e-01,5.76458767e-02,1.00820156e+02,5.52542015e+00,1.06460976e+05,-1.88935699e-01
9.70000000e-01,8.19700000e+03,1.85000000e+00,-1.00482191e-03,3.61066616e-01,5.76458767e-02,1.00820156e+02,5.52542015e+00,1.06460976e+05,-1.88935699e-01
9.80000000e-01,8.19700000e+03,1.85000000e+00,-1.00596422e-03,3.61066616e-01,5.76458767e-02,1.00820156e+02,5.52542015e+00,1.06460976e+05,-1.88935699e-01
9.90000000e-01,8.19700000e+03,1.85000000e+00,-1.00709135e-03,3.61066616e-01,5.76458767e-02,1.00820156e+02,5.52542015e+00,1.06460976e+05,-1.88935699e-01
1.00000000e+00,8.19700000e+03,1.85000000e+00,-1.00820378e-03,3.61066616e-01,5.76458767e-02,1.00820156e+02,5.52542015e+00,1.06460976e+05,-1.88935699e-01
1.01000000e+00,8.19700000e+03,1.85000000e+00,-1.00930197e-03,3.61066616e-01,5.76458767e-02,1.00820156e+02,5.52542015e+00,1.06460976e+05,-1.88935699e-01
1.02000000e+00,8.19700000e+03,1.85000000e+00,-1.01038638e-03,3.61066616e-01,5.76458767e-02,1.00820156e+02,5.52542015e+00,1.06460976e+05,-1.88935699e-01
1.03000000e+00,8.19700000e+03,1.85000000e+00,-1.01145743e-03,3.61066616e-01,5.76458767e-02,1.00820156e+02,5.52542015e+00,1.06460976e+05,-1.88935699e-01
1.04000000e+00,8.19700000e+03,1.85000000e+00,-1.01251554e-03,3.61066616e-01,5.76458767e-02,1.00820156e+02,5.52542015e+00,1.06460976e+05,-1.88935699e-01
1.05000000e+00,8.19700000e+03,1.85000000e+00,-1.01356110e-03,3.61066616e-01,5.76458767e-02,1.00820156e+02,5.52542015e+00,1.06460976e+05,-1.88935699e-01
1.06000000e+00,8.19700000e+03,1.85000000e+00,-1.01459448e-03,3.61066616e-01,5.76458767e-02,1.00820156e+02,5.52542015e+00,1.06460976e+05,-1.88935699e-01
1.07000000e+00,8.19700000e+03,1.85000000e+00,-1.01561604e-03,3.61066616e-01,5.76458767e-02,1.00820156e+02,5.52542015e+00,1.06460976e+05,-1.88935699e-01
1.08000000e+00,8.19700000e+03,1.85000000e+00,-1.01662614e-03,3.61066616e-01,5.76458767e-02,1.00820156e+02,5.52542015e+00,1.06460976e+05,-1.88935699e-01
1.09000000e+00,8.19700000e+03,1.85000000e+00,-1.01762510e-03,3.61066616e-01,5.76458767e-02,1.00820156e+02,5.52542015e+00,1.06460976e+05,-1.88935699e-01
1.10000000e+00,8.19700000e+03,1.85000000e+00,-1.01861324e-03,3.61066616e-01,5.76458767e-02,1.00820156e+02,5.52542015e+00,1.06460976e+05,-1.88935699e-01
1.11000000e+00,8.19700000e+03,1.85000000e+00,-1.01959087e-03,3.61066616e-01,5.76458767e-02,1.00820156e+02,5.52542015e+00,1.06460976e+05,-1.88935699e-01
1.12000000e+00,8.19700000e+03,1.85000000e+00,-1.02055828e-03,3.61066616e-01,5.76458767e-02,1.00820156e+02,5.52542015e+00,1.06460976e+05,-1.88935699e-01
1.13000000e+00,8.19700000e+03,1.85000000e+00,-1.02151575e-03,3.61066616e-01,5.76458767e-02,1.00820156e+02,5.52542015e+00,1.06460976e+05,-1.88935699e-01
1.14000000e+00,8.19700000e+03,1.85000000e+00,-1.02246357e-03,3.61066616e-01,5.76458767e-02,1.00820156e+02,5.52542015e+00,1.06460976e+05,-1.88935699e-01
1.15000000e+00,8.19700000e+03,1.85000000e+00,-1.02340198e-03,3.61066616e-01,5.76458767e-02,1.00820156e+02,5.52542015e+00,1.06460976e+05,-1.88935699e-01
1.16000000e+00,8.19700000e+03,1.85000000e+00,-1.02433124e-03,3.61066616e-01,5.76458767e-02,1.00820156e+02,5.52542015e+00,1.06460976e+05,-1.88935699e-01
1.17000000e+00,8.19700000e+03,1.85000000e+00,-1.02525159e-03,3.61066616e-01,5.76458767e-02,1.00820156e+02,5.52542015e+00,1.06460976e+05,-1.88935699e-01
1.18000000e+00,8.19700000e+03,1.85000000e+00,-1.02616327e-03,3.61066616e-01,5.76458767e-02,1.00820156e+02,5.52542015e+00,1.06460976e+05,-1.88935699e-01
1.19000000e+00,8.19700000e+03,1.85000000e+00,-1.02706650e-03,3.61066616e-01,5.76458767e-02,1.00820156e+02,5.52542015e+00,1.06460976e+05,-1.88935699e-01
1.20000000e+00,8.19700000e+03,1.85000000e+00,-1.02796150e-03,3.61066616e-01,5.76458767e-02,1.00820156e+02,5.52542015e+00,1.06460976e+05,-1.88935699e-01
1.21000000e+00,8.19700000e+03,1.85000000e+00,-1.02884848e-03,3.61066616e-01,5.76458767e-02,1.00820156e+02,5.52542015e+00,1.06460976e+05,-1.88935699e-01
1.22000000e+00,8.19700000e+03,1.85000000e+00,-1.02972763e-03,3.61066616e-01,5.76458767e-02,1.00820156e+02,5.52542015e+00,1.06460976e+05,-1.88935699e-01
1.23000000e+00,8.19700000e+03,1.85000000e+00,-1.03059916e-03,3.61066616e-01,5.76458767e-02,1.00820156e+02,5.52542015e+00,1.06460976e+05,-1.88935699e-01
1.24000000e+00,8.19700000e+03,1.85000000e+00,-1.03146325e-03,3.61066616e-01,5.76458767e-02,1.00820156e+02,5.52542015e+00,1.06460976e+05,-1.88935699e-01
1.25000000e+00,8.19700000e+03,1.85000000e+00,-1.03232009e-03,3.61066616e-01,5.76458767e-02,1.00820156e+02,5.52542015e+00,1.06460976e+05,-1.88935699e-01
1.26000000e+00,8.19700000e+03,1.85000000e+00,-1.03316984e-03,3.61066616e-01,5.76458767e-02,1.00820156e+02,5.52542015e+00,1.06460976e+05,-1.88935699e-01
1.27000000e+00,8.19700000e+03,1.85000000e+00,-1.03401268e-03,3.61066616e-01,5.76458767e-02,1.00820156e+02,5.52542015e+00,1.06460976e+05,-1.88935699e-01
1.28000000e+00,8.19700000e+03,1.85000000e+00,-1.03484877e-03,3.61066616e-01,5.76458767e-02,1.00820156e+02,5.52542015e+00,1.06460976e+05,-1.88935699e-01
1.29000000e+00,8.19700000e+03,1.85000000e+00,-1.03567826e-03,3.61066616e-01,5.76458767e-02,1.00820156e+02,5.52542015e+00,1.06460976e+05,-1.88935699e-01
1.30000000e+00,8.19700000e+03,1.85000000e+00,-1.03650133e-03,3.61066616e-01,5.76458767e-02,1.00820156e+02,5.52542015e+00,1.06460976e+05,-1.88935699e-01
1.31000000e+00,8.19700000e+03,1.85000000e+00,-1.03731810e-03,3.61066616e-01,5.76458767e-02,1.00820156e+02,5.52542015e+00,1.06460976e+05,-1.88935699e-01
1.32000000e+00,8.19700000e+03,1.85000000e+00,-1.03812873e-03,3.61066616e-01,5.76458767e-02,1.00820156e+02,5.52542015e+00,1.06460976e+05,-1.88935699e-01
1.33000000e+00,8.19700000e+03,1.85000000e+00,-1.03893335e-03,3.61066616e-01,5.76458767e-02,1.00820156e+02,5.52542015e+00,1.06460976e+05,-1.88935699e-01
1.34000000e+00,8.19700000e+03,1.85000000e+00,-1.03973210e-03,3.61066616e-01,5.76458767e-02,1.00820156e+02,5.52542015e+00,1.06460976e+05,-1.88935699e-01
1.35000000e+00,8.19700000e+03,1.85000000e+00,-1.04052511e-03,3.61066616e-01,5.76458767e-02,1.00820156e+02,5.52542015e+00,1.06460976e+05,-1.88935699e-01
1.36000000e+00,8.19700000e+03,1.85000000e+00,-1.04131250e-03,3.61066616e-01,5.76458767e-02,1.00820156e+02,5.52542015e+00,1.06460976e+05,-1.88935699e-01
1.37000000e+00,8.19700000e+03,1.85000000e+00,-1.04209440e-03,3.61066616e-01,5.76458767e-02,1.00820156e+02,5.52542015e+00,1.06460976e+05,-1.88935699e-01
1.38000000e+00,8.19700000e+03,1.85000000e+00,-1.04287093e-03,3.61066616e-01,5.76458767e-02,1.00820156e+02,5.52542015e+00,1.06460976e+05,-1.88935699e-01
1.39000000e+00,8.19700000e+03,1.85000000e+00,-1.04364220e-03,3.61066616e-01,5.76458767e-02,1.00820156e+02,5.52542015e+00,1.06460976e+05,-1.88935699e-01
1.40000000e+00,8.19700000e+03,1.85000000e+00,-1.04440833e-03,3.61066616e-01,5.76458767e-02,1.00820156e+02,5.52542015e+00,1.06460976e+05,-1.88935699e-01
1.41000000e+00,8.19700000e+03,1.85000000e+00,-1.04516941e-03,3.61066616e-01,5.76458767e-02,1.00820156e+02,5.52542015e+00,1.06460976e+05,-1.88935699e-01
1.42000000e+00,8.19700000e+03,1.85000000e+00,-1.04592557e-03,3.61066616e-01,5.76458767e-02,1.00820156e+02,5.52542015e+00,1.06460976e+05,-1.88935699e-01
1.43000000e+00,8.19700000e+03,1.85000000e+00,-1.04667689e-03,3.61066616e-01,5.76458767e-02,1.00820156e+02,5.52542015e+00,1.06460976e+05,-1.88935699e-01
1.44000000e+00,8.19700000e+03,1.85000000e+00,-1.04742349e-03,3.61066616e-01,5.76458767e-02,1.00820156e+02,5.52542015e+00,1.06460976e+05,-1.88935699e-01
1.45000000e+00,8.19700000e+03,1.85000000e+00,-1.04816546e-03,3.61066616e-01,5.76458767e-02,1.00820156e+02,5.52542015e+00,1.06460976e+05,-1.88935699e-01
1.46000000e+00,8.19700000e+03,1.85000000e+00,-1.04890289e-03,3.61066616e-01,5.76458767e-02,1.00820156e+02,5.52542015e+00,1.06460976e+05,-1.88935699e-01
1.47000000e+00,8.19700000e+03,1.85000000e+00,-1.04963588e-03,3.61066616e-01,5.76458767e-02,1.00820156e+02,5.52542015e+00,1.06460976e+05,-1.88935699e-01
1.48000000e+00,8.19700000e+03,1.85000000e+00,-1.05036452e-03,3.61066616e-01,5.76458767e-02,1.00820156e+02,5.52542015e+00,1.06460976e+05,-1.88935699e-01
1.49000000e+00,8.19700000e+03,1.85000000e+00,-1.05108889e-03,3.61066616e-01,5.76458767e-02,1.00820156e+02,5.52542015e+00,1.06460976e+05,-1.88935699e-01
1.50000000e+00,8.19700000e+03,1.85000000e+00,-1.05180908e-03,3.61066616e-01,5.76458767e-02,1.00820156e+02,5.52542015e+00,1.06460976e+05,-1.88935699e-01
1.51000000e+00,8.19700000e+03,1.85000000e+00,-1.05252518e-03,3.61066616e-01,5.76458767e-02,1.00820156e+02,5.52542015e+00,1.06460976e+05,-1.88935699e-01
1.52000000e+00,8.19700000e+03,1.85000000e+00,-1.05323726e-03,3.61066616e-01,5.76458767e-02,1.00820156e+02,5.52542015e+00,1.06460976e+05,-1.88935699e-01
1.53000000e+00,8.19700000e+03,1.85000000e+00,-1.05394542e-03,3.61066616e-01,5.76458767e-02,1.00820156e+02,5.52542015e+00,1.06460976e+05,-1.88935699e-01
1.54000000e+00,8.19700000e+03,1.85000000e+00,-1.05464972e-03,3.61066616e-01,5.76458767e-02,1.00820156e+02,5.52542015e+00,1.06460976e+05,-1.88935699e-01
1.55000000e+00,8.19700000e+03,1.85000000e+00,-1.05535025e-03,3.61066616e-01,5.76458767e-02,1.00820156e+02,5.52542015e+00,1.06460976e+05,-1.88935699e-01
1.56000000e+00,8.19700000e+03,1.85000000e+00,-1.05604709e-03,3.61066616e-01,5.76458767e-02,1.00820156e+02,5.52542015e+00,1.06460976e+05,-1.88935699e-01
1.57000000e+00,8.19700000e+03,1.85000000e+00,-1.05674030e-03,3.61066616e-01,5.76458767e-02,1.00820156e+02,5.52542015e+00,1.06460976e+05,-1.88935699e-01
1.58000000e+00,8.19700000e+03,1.85000000e+00,-1.05742997e-03,3.61066616e-01,5.76458767e-02,1.00820156e+02,5.52542015e+00,1.06460976e+05,-1.88935699e-01
1.59000000e+00,8.19700000e+03,1.85000000e+00,-1.05811618e-03,3.61066616e-01,5.76458767e-02,1.00820156e+02,5.52542015e+00,1.06460976e+05,-1.88935699e-01
1.60000000e+00,8.19700000e+03,1.85000000e+00,-1.05879898e-03,3.61066616e-01,5.76458767e-02,1.00820156e+02,5.52542015e+00,1.06460976e+05,-1.88935699e-01
1.61000000e+00,8.19700000e+03,1.85000000e+00,-1.05947846e-03,3.61066616e-01,5.76458767e-02,1.00820156e+02,5.52542015e+00,1.06460976e+05,-1.88935699e-01
1.62000000e+00,8.19700000e+03,1.85000000e+00,-1.06015470e-03,3.61066616e-01,5.76458767e-02,1.00820156e+02,5.52542015e+00,1.06460976e+05,-1.88935699e-01
1.63000000e+00,8.19700000e+03,1.85000000e+00,-1.06082775e-03,3.61066616e-01,5.76458767e-02,1.00820156e+02,5.52542015e+00,1.06460976e+05,-1.88935699e-01
1.64000000e+00,8.19700000e+03,1.85000000e+00,-1.06149771e-03,3.61066616e-01,5.76458767e-02,1.00820156e+02,5.52542015e+00,1.06460976e+05,-1.88935699e-01
1.65000000e+00,8.19700000e+03,1.85000000e+00,-1.06216464e-03,3.61066616e-01,5.76458767e-02,1.00820156e+02,5.52542015e+00,1.06460976e+05,-1.88935699e-01
1.66000000e+00,8.19700000e+03,1.85000000e+00,-1.06282862e-03,3.61066616e-01,5.76458767e-02,1.00820156e+02,5.52542015e+00,1.06460976e+05,-1.88935699e-01
1.67000000e+00,8.19700000e+03,1.85000000e+00,-1.06348972e-03,3.61066616e-01,5.76458767e-02,1.00820156e+02,5.52542015e+00,1.06460976e+05,-1.88935699e-01
1.68000000e+00,8.19700000e+03,1.85000000e+00,-1.06414802e-03,3.61066616e-01,5.76458767e-02,1.00820156e+02,5.52542015e+00,1.06460976e+05,-1.88935699e-01
1.69000000e+00,8.19700000e+03,1.85000000e+00,-1.06480360e-03,3.61066616e-01,5.76458767e-02,1.00820156e+02,5.52542015e+00,1.06460976e+05,-1.88935699e-01
1.70000000e+00,8.19700000e+03,1.85000000e+00,-1.06545653e-03,3.61066616e-01,5.76458767e-02,1.00820156e+02,5.52542015e+00,1.06460976e+05,-1.88935699e-01
1.71000000e+00,8.19700000e+03,1.85000000e+00,-1.06610691e-03,3.61066616e-01,5.76458767e-02,1.00820156e+02,5.52542015e+00,1.06460976e+05,-1.88935699e-01
1.72000000e+00,8.19700000e+03,1.85000000e+00,-1.06675482e-03,3.61066616e-01,5.76458767e-02,1.00820156e+02,5.52542015e+00,1.06460976e+05,-1.88935699e-01
1.73000000e+00,8.19700000e+03,1.85000000e+00,-1.06740034e-03,3.61066616e-01,5.76458767e-02,1.00820156e+02,5.52542015e+00,1.06460976e+05,-1.88935699e-01
1.74000000e+00,8.19700000e+03,1.85000000e+00,-1.06804356e-03,3.61066616e-01,5.76458767e-02,1.00820156e+02,5.52542015e+00,1.06460976e+05,-1.88935699e-01
1.75000000e+00,8.19700000e+03,1.85000000e+00,-1.06868457e-03,3.61066616e-01,5.76458767e-02,1.00820156e+02,5.52542015e+00,1.06460976e+05,-1.88935699e-01
1.76000000e+00,8.19700000e+03,1.85000000e+00,-1.06932348e-03,3.61066616e-01,5.76458767e-02,1.00820156e+02,5.52542015e+00,1.06460976e+05,-1.88935699e-01
1.77000000e+00,8.19700000e+03,1.85000000e+00,-1.06996038e-03,3.61066616e-01,5.76458767e-02,1.00820156e+02,5.52542015e+00,1.06460976e+05,-1.88935699e-01
1.78000000e+00,8.19700000e+03,1.85000000e+00,-1.07059538e-03,3.61066616e-01,5.76458767e-02,1.00820156e+02,5.52542015e+00,1.06460976e+05,-1.88935699e-01
1.79000000e+00,8.19700000e+03,1.85000000e+00,-1.07122859e-03,3.61066616e-01,5.76458767e-02,1.00820156e+02,5.52542015e+00,1.06460976e+05,-1.88935699e-01
1.80000000e+00,8.19700000e+03,1.85000000e+00,-1.07186013e-03,3.61066616e-01,5.76458767e-02,1.00820156e+02,5.52542015e+00,1.06460976e+05,-1.88935699e-01
1.81000000e+00,8.19700000e+03,1.85000000e+00,-1.07249011e-03,3.61066616e-01,5.76458767e-02,1.00820156e+02,5.52542015e+00,1.06460976e+05,-1.88935699e-01
1.82000000e+00,8.19700000e+03,1.85000000e+00,-1.07311867e-03,3.61066616e-01,5.76458767e-02,1.00820156e+02,5.52542015e+00,1.06460976e+05,-1.88935699e-01
1.83000000e+00,8.19700000e+03,1.85000000e+00,-1.07374593e-03,3.61066616e-01,5.76458767e-02,1.00820156e+02,5.52542015e+00,1.06460976e+05,-1.88935699e-01
1.84000000e+00,8.19700000e+03,1.85000000e+00,-1.07437205e-03,3.61066616e-01,5.76458767e-02,1.00820156e+02,5.52542015e+00,1.06460976e+05,-1.88935699e-01
1.85000000e+00,8.19700000e+03,1.85000000e+00,-1.07499717e-03,3.61066616e-01,5.76458767e-02,1.00820156e+02,5.52542015e+00,1.06460976e+05,-1.88935699e-01
