vSweep,run_num,vd,id,vth0,u0,rdsw,nfactor,vsat,eta0
0.00000000e+00,8.69100000e+03,1.85000000e+00,-2.69103940e-43,3.74963213e-01,6.12329274e-02,1.02252268e+02,6.56955703e+00,1.13280081e+05,-1.92151735e-01
1.00000000e-02,8.69100000e+03,1.85000000e+00,-4.19174679e-05,3.74963213e-01,6.12329274e-02,1.02252268e+02,6.56955703e+00,1.13280081e+05,-1.92151735e-01
2.00000000e-02,8.69100000e+03,1.85000000e+00,-8.29292998e-05,3.74963213e-01,6.12329274e-02,1.02252268e+02,6.56955703e+00,1.13280081e+05,-1.92151735e-01
3.00000000e-02,8.69100000e+03,1.85000000e+00,-1.23011230e-04,3.74963213e-01,6.12329274e-02,1.02252268e+02,6.56955703e+00,1.13280081e+05,-1.92151735e-01
4.00000000e-02,8.69100000e+03,1.85000000e+00,-1.62141678e-04,3.74963213e-01,6.12329274e-02,1.02252268e+02,6.56955703e+00,1.13280081e+05,-1.92151735e-01
5.00000000e-02,8.69100000e+03,1.85000000e+00,-2.00300719e-04,3.74963213e-01,6.12329274e-02,1.02252268e+02,6.56955703e+00,1.13280081e+05,-1.92151735e-01
6.00000000e-02,8.69100000e+03,1.85000000e+00,-2.37469345e-04,3.74963213e-01,6.12329274e-02,1.02252268e+02,6.56955703e+00,1.13280081e+05,-1.92151735e-01
7.00000000e-02,8.69100000e+03,1.85000000e+00,-2.73628967e-04,3.74963213e-01,6.12329274e-02,1.02252268e+02,6.56955703e+00,1.13280081e+05,-1.92151735e-01
8.00000000e-02,8.69100000e+03,1.85000000e+00,-3.08761081e-04,3.74963213e-01,6.12329274e-02,1.02252268e+02,6.56955703e+00,1.13280081e+05,-1.92151735e-01
9.00000000e-02,8.69100000e+03,1.85000000e+00,-3.42847112e-04,3.74963213e-01,6.12329274e-02,1.02252268e+02,6.56955703e+00,1.13280081e+05,-1.92151735e-01
1.00000000e-01,8.69100000e+03,1.85000000e+00,-3.75868394e-04,3.74963213e-01,6.12329274e-02,1.02252268e+02,6.56955703e+00,1.13280081e+05,-1.92151735e-01
1.10000000e-01,8.69100000e+03,1.85000000e+00,-4.07806315e-04,3.74963213e-01,6.12329274e-02,1.02252268e+02,6.56955703e+00,1.13280081e+05,-1.92151735e-01
1.20000000e-01,8.69100000e+03,1.85000000e+00,-4.38642591e-04,3.74963213e-01,6.12329274e-02,1.02252268e+02,6.56955703e+00,1.13280081e+05,-1.92151735e-01
1.30000000e-01,8.69100000e+03,1.85000000e+00,-4.68359701e-04,3.74963213e-01,6.12329274e-02,1.02252268e+02,6.56955703e+00,1.13280081e+05,-1.92151735e-01
1.40000000e-01,8.69100000e+03,1.85000000e+00,-4.96941454e-04,3.74963213e-01,6.12329274e-02,1.02252268e+02,6.56955703e+00,1.13280081e+05,-1.92151735e-01
1.50000000e-01,8.69100000e+03,1.85000000e+00,-5.24373684e-04,3.74963213e-01,6.12329274e-02,1.02252268e+02,6.56955703e+00,1.13280081e+05,-1.92151735e-01
1.60000000e-01,8.69100000e+03,1.85000000e+00,-5.50645040e-04,3.74963213e-01,6.12329274e-02,1.02252268e+02,6.56955703e+00,1.13280081e+05,-1.92151735e-01
1.70000000e-01,8.69100000e+03,1.85000000e+00,-5.75747828e-04,3.74963213e-01,6.12329274e-02,1.02252268e+02,6.56955703e+00,1.13280081e+05,-1.92151735e-01
1.80000000e-01,8.69100000e+03,1.85000000e+00,-5.99678860e-04,3.74963213e-01,6.12329274e-02,1.02252268e+02,6.56955703e+00,1.13280081e+05,-1.92151735e-01
1.90000000e-01,8.69100000e+03,1.85000000e+00,-6.22440219e-04,3.74963213e-01,6.12329274e-02,1.02252268e+02,6.56955703e+00,1.13280081e+05,-1.92151735e-01
2.00000000e-01,8.69100000e+03,1.85000000e+00,-6.44039907e-04,3.74963213e-01,6.12329274e-02,1.02252268e+02,6.56955703e+00,1.13280081e+05,-1.92151735e-01
2.10000000e-01,8.69100000e+03,1.85000000e+00,-6.64492268e-04,3.74963213e-01,6.12329274e-02,1.02252268e+02,6.56955703e+00,1.13280081e+05,-1.92151735e-01
2.20000000e-01,8.69100000e+03,1.85000000e+00,-6.83818174e-04,3.74963213e-01,6.12329274e-02,1.02252268e+02,6.56955703e+00,1.13280081e+05,-1.92151735e-01
2.30000000e-01,8.69100000e+03,1.85000000e+00,-7.02044913e-04,3.74963213e-01,6.12329274e-02,1.02252268e+02,6.56955703e+00,1.13280081e+05,-1.92151735e-01
2.40000000e-01,8.69100000e+03,1.85000000e+00,-7.19205804e-04,3.74963213e-01,6.12329274e-02,1.02252268e+02,6.56955703e+00,1.13280081e+05,-1.92151735e-01
2.50000000e-01,8.69100000e+03,1.85000000e+00,-7.35339548e-04,3.74963213e-01,6.12329274e-02,1.02252268e+02,6.56955703e+00,1.13280081e+05,-1.92151735e-01
2.60000000e-01,8.69100000e+03,1.85000000e+00,-7.50489382e-04,3.74963213e-01,6.12329274e-02,1.02252268e+02,6.56955703e+00,1.13280081e+05,-1.92151735e-01
2.70000000e-01,8.69100000e+03,1.85000000e+00,-7.64702096e-04,3.74963213e-01,6.12329274e-02,1.02252268e+02,6.56955703e+00,1.13280081e+05,-1.92151735e-01
2.80000000e-01,8.69100000e+03,1.85000000e+00,-7.78026984e-04,3.74963213e-01,6.12329274e-02,1.02252268e+02,6.56955703e+00,1.13280081e+05,-1.92151735e-01
2.90000000e-01,8.69100000e+03,1.85000000e+00,-7.90514811e-04,3.74963213e-01,6.12329274e-02,1.02252268e+02,6.56955703e+00,1.13280081e+05,-1.92151735e-01
3.00000000e-01,8.69100000e+03,1.85000000e+00,-8.02216845e-04,3.74963213e-01,6.12329274e-02,1.02252268e+02,6.56955703e+00,1.13280081e+05,-1.92151735e-01
3.10000000e-01,8.69100000e+03,1.85000000e+00,-8.13183994e-04,3.74963213e-01,6.12329274e-02,1.02252268e+02,6.56955703e+00,1.13280081e+05,-1.92151735e-01
3.20000000e-01,8.69100000e+03,1.85000000e+00,-8.23466083e-04,3.74963213e-01,6.12329274e-02,1.02252268e+02,6.56955703e+00,1.13280081e+05,-1.92151735e-01
3.30000000e-01,8.69100000e+03,1.85000000e+00,-8.33111279e-04,3.74963213e-01,6.12329274e-02,1.02252268e+02,6.56955703e+00,1.13280081e+05,-1.92151735e-01
3.40000000e-01,8.69100000e+03,1.85000000e+00,-8.42165651e-04,3.74963213e-01,6.12329274e-02,1.02252268e+02,6.56955703e+00,1.13280081e+05,-1.92151735e-01
3.50000000e-01,8.69100000e+03,1.85000000e+00,-8.50672874e-04,3.74963213e-01,6.12329274e-02,1.02252268e+02,6.56955703e+00,1.13280081e+05,-1.92151735e-01
3.60000000e-01,8.69100000e+03,1.85000000e+00,-8.58674038e-04,3.74963213e-01,6.12329274e-02,1.02252268e+02,6.56955703e+00,1.13280081e+05,-1.92151735e-01
3.70000000e-01,8.69100000e+03,1.85000000e+00,-8.66207558e-04,3.74963213e-01,6.12329274e-02,1.02252268e+02,6.56955703e+00,1.13280081e+05,-1.92151735e-01
3.80000000e-01,8.69100000e+03,1.85000000e+00,-8.73309165e-04,3.74963213e-01,6.12329274e-02,1.02252268e+02,6.56955703e+00,1.13280081e+05,-1.92151735e-01
3.90000000e-01,8.69100000e+03,1.85000000e+00,-8.80011951e-04,3.74963213e-01,6.12329274e-02,1.02252268e+02,6.56955703e+00,1.13280081e+05,-1.92151735e-01
4.00000000e-01,8.69100000e+03,1.85000000e+00,-8.86346458e-04,3.74963213e-01,6.12329274e-02,1.02252268e+02,6.56955703e+00,1.13280081e+05,-1.92151735e-01
4.10000000e-01,8.69100000e+03,1.85000000e+00,-8.92340802e-04,3.74963213e-01,6.12329274e-02,1.02252268e+02,6.56955703e+00,1.13280081e+05,-1.92151735e-01
4.20000000e-01,8.69100000e+03,1.85000000e+00,-8.98020808e-04,3.74963213e-01,6.12329274e-02,1.02252268e+02,6.56955703e+00,1.13280081e+05,-1.92151735e-01
4.30000000e-01,8.69100000e+03,1.85000000e+00,-9.03410162e-04,3.74963213e-01,6.12329274e-02,1.02252268e+02,6.56955703e+00,1.13280081e+05,-1.92151735e-01
4.40000000e-01,8.69100000e+03,1.85000000e+00,-9.08530565e-04,3.74963213e-01,6.12329274e-02,1.02252268e+02,6.56955703e+00,1.13280081e+05,-1.92151735e-01
4.50000000e-01,8.69100000e+03,1.85000000e+00,-9.13401884e-04,3.74963213e-01,6.12329274e-02,1.02252268e+02,6.56955703e+00,1.13280081e+05,-1.92151735e-01
4.60000000e-01,8.69100000e+03,1.85000000e+00,-9.18042300e-04,3.74963213e-01,6.12329274e-02,1.02252268e+02,6.56955703e+00,1.13280081e+05,-1.92151735e-01
4.70000000e-01,8.69100000e+03,1.85000000e+00,-9.22468449e-04,3.74963213e-01,6.12329274e-02,1.02252268e+02,6.56955703e+00,1.13280081e+05,-1.92151735e-01
4.80000000e-01,8.69100000e+03,1.85000000e+00,-9.26695559e-04,3.74963213e-01,6.12329274e-02,1.02252268e+02,6.56955703e+00,1.13280081e+05,-1.92151735e-01
4.90000000e-01,8.69100000e+03,1.85000000e+00,-9.30737567e-04,3.74963213e-01,6.12329274e-02,1.02252268e+02,6.56955703e+00,1.13280081e+05,-1.92151735e-01
5.00000000e-01,8.69100000e+03,1.85000000e+00,-9.34607242e-04,3.74963213e-01,6.12329274e-02,1.02252268e+02,6.56955703e+00,1.13280081e+05,-1.92151735e-01
5.10000000e-01,8.69100000e+03,1.85000000e+00,-9.38316284e-04,3.74963213e-01,6.12329274e-02,1.02252268e+02,6.56955703e+00,1.13280081e+05,-1.92151735e-01
5.20000000e-01,8.69100000e+03,1.85000000e+00,-9.41875425e-04,3.74963213e-01,6.12329274e-02,1.02252268e+02,6.56955703e+00,1.13280081e+05,-1.92151735e-01
5.30000000e-01,8.69100000e+03,1.85000000e+00,-9.45294516e-04,3.74963213e-01,6.12329274e-02,1.02252268e+02,6.56955703e+00,1.13280081e+05,-1.92151735e-01
5.40000000e-01,8.69100000e+03,1.85000000e+00,-9.48582609e-04,3.74963213e-01,6.12329274e-02,1.02252268e+02,6.56955703e+00,1.13280081e+05,-1.92151735e-01
5.50000000e-01,8.69100000e+03,1.85000000e+00,-9.51748027e-04,3.74963213e-01,6.12329274e-02,1.02252268e+02,6.56955703e+00,1.13280081e+05,-1.92151735e-01
5.60000000e-01,8.69100000e+03,1.85000000e+00,-9.54798432e-04,3.74963213e-01,6.12329274e-02,1.02252268e+02,6.56955703e+00,1.13280081e+05,-1.92151735e-01
5.70000000e-01,8.69100000e+03,1.85000000e+00,-9.57740886e-04,3.74963213e-01,6.12329274e-02,1.02252268e+02,6.56955703e+00,1.13280081e+05,-1.92151735e-01
5.80000000e-01,8.69100000e+03,1.85000000e+00,-9.60581903e-04,3.74963213e-01,6.12329274e-02,1.02252268e+02,6.56955703e+00,1.13280081e+05,-1.92151735e-01
5.90000000e-01,8.69100000e+03,1.85000000e+00,-9.63327497e-04,3.74963213e-01,6.12329274e-02,1.02252268e+02,6.56955703e+00,1.13280081e+05,-1.92151735e-01
6.00000000e-01,8.69100000e+03,1.85000000e+00,-9.65983231e-04,3.74963213e-01,6.12329274e-02,1.02252268e+02,6.56955703e+00,1.13280081e+05,-1.92151735e-01
6.10000000e-01,8.69100000e+03,1.85000000e+00,-9.68554251e-04,3.74963213e-01,6.12329274e-02,1.02252268e+02,6.56955703e+00,1.13280081e+05,-1.92151735e-01
6.20000000e-01,8.69100000e+03,1.85000000e+00,-9.71045327e-04,3.74963213e-01,6.12329274e-02,1.02252268e+02,6.56955703e+00,1.13280081e+05,-1.92151735e-01
6.30000000e-01,8.69100000e+03,1.85000000e+00,-9.73460883e-04,3.74963213e-01,6.12329274e-02,1.02252268e+02,6.56955703e+00,1.13280081e+05,-1.92151735e-01
6.40000000e-01,8.69100000e+03,1.85000000e+00,-9.75805026e-04,3.74963213e-01,6.12329274e-02,1.02252268e+02,6.56955703e+00,1.13280081e+05,-1.92151735e-01
6.50000000e-01,8.69100000e+03,1.85000000e+00,-9.78081575e-04,3.74963213e-01,6.12329274e-02,1.02252268e+02,6.56955703e+00,1.13280081e+05,-1.92151735e-01
6.60000000e-01,8.69100000e+03,1.85000000e+00,-9.80294084e-04,3.74963213e-01,6.12329274e-02,1.02252268e+02,6.56955703e+00,1.13280081e+05,-1.92151735e-01
6.70000000e-01,8.69100000e+03,1.85000000e+00,-9.82445862e-04,3.74963213e-01,6.12329274e-02,1.02252268e+02,6.56955703e+00,1.13280081e+05,-1.92151735e-01
6.80000000e-01,8.69100000e+03,1.85000000e+00,-9.84539997e-04,3.74963213e-01,6.12329274e-02,1.02252268e+02,6.56955703e+00,1.13280081e+05,-1.92151735e-01
6.90000000e-01,8.69100000e+03,1.85000000e+00,-9.86579370e-04,3.74963213e-01,6.12329274e-02,1.02252268e+02,6.56955703e+00,1.13280081e+05,-1.92151735e-01
7.00000000e-01,8.69100000e+03,1.85000000e+00,-9.88566674e-04,3.74963213e-01,6.12329274e-02,1.02252268e+02,6.56955703e+00,1.13280081e+05,-1.92151735e-01
7.10000000e-01,8.69100000e+03,1.85000000e+00,-9.90504428e-04,3.74963213e-01,6.12329274e-02,1.02252268e+02,6.56955703e+00,1.13280081e+05,-1.92151735e-01
7.20000000e-01,8.69100000e+03,1.85000000e+00,-9.92394990e-04,3.74963213e-01,6.12329274e-02,1.02252268e+02,6.56955703e+00,1.13280081e+05,-1.92151735e-01
7.30000000e-01,8.69100000e+03,1.85000000e+00,-9.94240571e-04,3.74963213e-01,6.12329274e-02,1.02252268e+02,6.56955703e+00,1.13280081e+05,-1.92151735e-01
7.40000000e-01,8.69100000e+03,1.85000000e+00,-9.96043243e-04,3.74963213e-01,6.12329274e-02,1.02252268e+02,6.56955703e+00,1.13280081e+05,-1.92151735e-01
7.50000000e-01,8.69100000e+03,1.85000000e+00,-9.97804954e-04,3.74963213e-01,6.12329274e-02,1.02252268e+02,6.56955703e+00,1.13280081e+05,-1.92151735e-01
7.60000000e-01,8.69100000e+03,1.85000000e+00,-9.99527532e-04,3.74963213e-01,6.12329274e-02,1.02252268e+02,6.56955703e+00,1.13280081e+05,-1.92151735e-01
7.70000000e-01,8.69100000e+03,1.85000000e+00,-1.00121270e-03,3.74963213e-01,6.12329274e-02,1.02252268e+02,6.56955703e+00,1.13280081e+05,-1.92151735e-01
7.80000000e-01,8.69100000e+03,1.85000000e+00,-1.00286208e-03,3.74963213e-01,6.12329274e-02,1.02252268e+02,6.56955703e+00,1.13280081e+05,-1.92151735e-01
7.90000000e-01,8.69100000e+03,1.85000000e+00,-1.00447719e-03,3.74963213e-01,6.12329274e-02,1.02252268e+02,6.56955703e+00,1.13280081e+05,-1.92151735e-01
8.00000000e-01,8.69100000e+03,1.85000000e+00,-1.00605947e-03,3.74963213e-01,6.12329274e-02,1.02252268e+02,6.56955703e+00,1.13280081e+05,-1.92151735e-01
8.10000000e-01,8.69100000e+03,1.85000000e+00,-1.00761029e-03,3.74963213e-01,6.12329274e-02,1.02252268e+02,6.56955703e+00,1.13280081e+05,-1.92151735e-01
8.20000000e-01,8.69100000e+03,1.85000000e+00,-1.00913093e-03,3.74963213e-01,6.12329274e-02,1.02252268e+02,6.56955703e+00,1.13280081e+05,-1.92151735e-01
8.30000000e-01,8.69100000e+03,1.85000000e+00,-1.01062260e-03,3.74963213e-01,6.12329274e-02,1.02252268e+02,6.56955703e+00,1.13280081e+05,-1.92151735e-01
8.40000000e-01,8.69100000e+03,1.85000000e+00,-1.01208644e-03,3.74963213e-01,6.12329274e-02,1.02252268e+02,6.56955703e+00,1.13280081e+05,-1.92151735e-01
8.50000000e-01,8.69100000e+03,1.85000000e+00,-1.01352355e-03,3.74963213e-01,6.12329274e-02,1.02252268e+02,6.56955703e+00,1.13280081e+05,-1.92151735e-01
8.60000000e-01,8.69100000e+03,1.85000000e+00,-1.01493496e-03,3.74963213e-01,6.12329274e-02,1.02252268e+02,6.56955703e+00,1.13280081e+05,-1.92151735e-01
8.70000000e-01,8.69100000e+03,1.85000000e+00,-1.01632163e-03,3.74963213e-01,6.12329274e-02,1.02252268e+02,6.56955703e+00,1.13280081e+05,-1.92151735e-01
8.80000000e-01,8.69100000e+03,1.85000000e+00,-1.01768450e-03,3.74963213e-01,6.12329274e-02,1.02252268e+02,6.56955703e+00,1.13280081e+05,-1.92151735e-01
8.90000000e-01,8.69100000e+03,1.85000000e+00,-1.01902444e-03,3.74963213e-01,6.12329274e-02,1.02252268e+02,6.56955703e+00,1.13280081e+05,-1.92151735e-01
9.00000000e-01,8.69100000e+03,1.85000000e+00,-1.02034229e-03,3.74963213e-01,6.12329274e-02,1.02252268e+02,6.56955703e+00,1.13280081e+05,-1.92151735e-01
9.10000000e-01,8.69100000e+03,1.85000000e+00,-1.02163885e-03,3.74963213e-01,6.12329274e-02,1.02252268e+02,6.56955703e+00,1.13280081e+05,-1.92151735e-01
9.20000000e-01,8.69100000e+03,1.85000000e+00,-1.02291487e-03,3.74963213e-01,6.12329274e-02,1.02252268e+02,6.56955703e+00,1.13280081e+05,-1.92151735e-01
9.30000000e-01,8.69100000e+03,1.85000000e+00,-1.02417106e-03,3.74963213e-01,6.12329274e-02,1.02252268e+02,6.56955703e+00,1.13280081e+05,-1.92151735e-01
9.40000000e-01,8.69100000e+03,1.85000000e+00,-1.02540811e-03,3.74963213e-01,6.12329274e-02,1.02252268e+02,6.56955703e+00,1.13280081e+05,-1.92151735e-01
9.50000000e-01,8.69100000e+03,1.85000000e+00,-1.02662668e-03,3.74963213e-01,6.12329274e-02,1.02252268e+02,6.56955703e+00,1.13280081e+05,-1.92151735e-01
9.60000000e-01,8.69100000e+03,1.85000000e+00,-1.02782739e-03,3.74963213e-01,6.12329274e-02,1.02252268e+02,6.56955703e+00,1.13280081e+05,-1.92151735e-01
9.70000000e-01,8.69100000e+03,1.85000000e+00,-1.02901083e-03,3.74963213e-01,6.12329274e-02,1.02252268e+02,6.56955703e+00,1.13280081e+05,-1.92151735e-01
9.80000000e-01,8.69100000e+03,1.85000000e+00,-1.03017757e-03,3.74963213e-01,6.12329274e-02,1.02252268e+02,6.56955703e+00,1.13280081e+05,-1.92151735e-01
9.90000000e-01,8.69100000e+03,1.85000000e+00,-1.03132814e-03,3.74963213e-01,6.12329274e-02,1.02252268e+02,6.56955703e+00,1.13280081e+05,-1.92151735e-01
1.00000000e+00,8.69100000e+03,1.85000000e+00,-1.03246308e-03,3.74963213e-01,6.12329274e-02,1.02252268e+02,6.56955703e+00,1.13280081e+05,-1.92151735e-01
1.01000000e+00,8.69100000e+03,1.85000000e+00,-1.03358286e-03,3.74963213e-01,6.12329274e-02,1.02252268e+02,6.56955703e+00,1.13280081e+05,-1.92151735e-01
1.02000000e+00,8.69100000e+03,1.85000000e+00,-1.03468797e-03,3.74963213e-01,6.12329274e-02,1.02252268e+02,6.56955703e+00,1.13280081e+05,-1.92151735e-01
1.03000000e+00,8.69100000e+03,1.85000000e+00,-1.03577886e-03,3.74963213e-01,6.12329274e-02,1.02252268e+02,6.56955703e+00,1.13280081e+05,-1.92151735e-01
1.04000000e+00,8.69100000e+03,1.85000000e+00,-1.03685596e-03,3.74963213e-01,6.12329274e-02,1.02252268e+02,6.56955703e+00,1.13280081e+05,-1.92151735e-01
1.05000000e+00,8.69100000e+03,1.85000000e+00,-1.03791968e-03,3.74963213e-01,6.12329274e-02,1.02252268e+02,6.56955703e+00,1.13280081e+05,-1.92151735e-01
1.06000000e+00,8.69100000e+03,1.85000000e+00,-1.03897044e-03,3.74963213e-01,6.12329274e-02,1.02252268e+02,6.56955703e+00,1.13280081e+05,-1.92151735e-01
1.07000000e+00,8.69100000e+03,1.85000000e+00,-1.04000860e-03,3.74963213e-01,6.12329274e-02,1.02252268e+02,6.56955703e+00,1.13280081e+05,-1.92151735e-01
1.08000000e+00,8.69100000e+03,1.85000000e+00,-1.04103453e-03,3.74963213e-01,6.12329274e-02,1.02252268e+02,6.56955703e+00,1.13280081e+05,-1.92151735e-01
1.09000000e+00,8.69100000e+03,1.85000000e+00,-1.04204860e-03,3.74963213e-01,6.12329274e-02,1.02252268e+02,6.56955703e+00,1.13280081e+05,-1.92151735e-01
1.10000000e+00,8.69100000e+03,1.85000000e+00,-1.04305113e-03,3.74963213e-01,6.12329274e-02,1.02252268e+02,6.56955703e+00,1.13280081e+05,-1.92151735e-01
1.11000000e+00,8.69100000e+03,1.85000000e+00,-1.04404245e-03,3.74963213e-01,6.12329274e-02,1.02252268e+02,6.56955703e+00,1.13280081e+05,-1.92151735e-01
1.12000000e+00,8.69100000e+03,1.85000000e+00,-1.04502287e-03,3.74963213e-01,6.12329274e-02,1.02252268e+02,6.56955703e+00,1.13280081e+05,-1.92151735e-01
1.13000000e+00,8.69100000e+03,1.85000000e+00,-1.04599270e-03,3.74963213e-01,6.12329274e-02,1.02252268e+02,6.56955703e+00,1.13280081e+05,-1.92151735e-01
1.14000000e+00,8.69100000e+03,1.85000000e+00,-1.04695222e-03,3.74963213e-01,6.12329274e-02,1.02252268e+02,6.56955703e+00,1.13280081e+05,-1.92151735e-01
1.15000000e+00,8.69100000e+03,1.85000000e+00,-1.04790170e-03,3.74963213e-01,6.12329274e-02,1.02252268e+02,6.56955703e+00,1.13280081e+05,-1.92151735e-01
1.16000000e+00,8.69100000e+03,1.85000000e+00,-1.04884143e-03,3.74963213e-01,6.12329274e-02,1.02252268e+02,6.56955703e+00,1.13280081e+05,-1.92151735e-01
1.17000000e+00,8.69100000e+03,1.85000000e+00,-1.04977165e-03,3.74963213e-01,6.12329274e-02,1.02252268e+02,6.56955703e+00,1.13280081e+05,-1.92151735e-01
1.18000000e+00,8.69100000e+03,1.85000000e+00,-1.05069261e-03,3.74963213e-01,6.12329274e-02,1.02252268e+02,6.56955703e+00,1.13280081e+05,-1.92151735e-01
1.19000000e+00,8.69100000e+03,1.85000000e+00,-1.05160456e-03,3.74963213e-01,6.12329274e-02,1.02252268e+02,6.56955703e+00,1.13280081e+05,-1.92151735e-01
1.20000000e+00,8.69100000e+03,1.85000000e+00,-1.05250772e-03,3.74963213e-01,6.12329274e-02,1.02252268e+02,6.56955703e+00,1.13280081e+05,-1.92151735e-01
1.21000000e+00,8.69100000e+03,1.85000000e+00,-1.05340232e-03,3.74963213e-01,6.12329274e-02,1.02252268e+02,6.56955703e+00,1.13280081e+05,-1.92151735e-01
1.22000000e+00,8.69100000e+03,1.85000000e+00,-1.05428857e-03,3.74963213e-01,6.12329274e-02,1.02252268e+02,6.56955703e+00,1.13280081e+05,-1.92151735e-01
1.23000000e+00,8.69100000e+03,1.85000000e+00,-1.05516667e-03,3.74963213e-01,6.12329274e-02,1.02252268e+02,6.56955703e+00,1.13280081e+05,-1.92151735e-01
1.24000000e+00,8.69100000e+03,1.85000000e+00,-1.05603684e-03,3.74963213e-01,6.12329274e-02,1.02252268e+02,6.56955703e+00,1.13280081e+05,-1.92151735e-01
1.25000000e+00,8.69100000e+03,1.85000000e+00,-1.05689926e-03,3.74963213e-01,6.12329274e-02,1.02252268e+02,6.56955703e+00,1.13280081e+05,-1.92151735e-01
1.26000000e+00,8.69100000e+03,1.85000000e+00,-1.05775411e-03,3.74963213e-01,6.12329274e-02,1.02252268e+02,6.56955703e+00,1.13280081e+05,-1.92151735e-01
1.27000000e+00,8.69100000e+03,1.85000000e+00,-1.05860159e-03,3.74963213e-01,6.12329274e-02,1.02252268e+02,6.56955703e+00,1.13280081e+05,-1.92151735e-01
1.28000000e+00,8.69100000e+03,1.85000000e+00,-1.05944186e-03,3.74963213e-01,6.12329274e-02,1.02252268e+02,6.56955703e+00,1.13280081e+05,-1.92151735e-01
1.29000000e+00,8.69100000e+03,1.85000000e+00,-1.06027509e-03,3.74963213e-01,6.12329274e-02,1.02252268e+02,6.56955703e+00,1.13280081e+05,-1.92151735e-01
1.30000000e+00,8.69100000e+03,1.85000000e+00,-1.06110145e-03,3.74963213e-01,6.12329274e-02,1.02252268e+02,6.56955703e+00,1.13280081e+05,-1.92151735e-01
1.31000000e+00,8.69100000e+03,1.85000000e+00,-1.06192109e-03,3.74963213e-01,6.12329274e-02,1.02252268e+02,6.56955703e+00,1.13280081e+05,-1.92151735e-01
1.32000000e+00,8.69100000e+03,1.85000000e+00,-1.06273417e-03,3.74963213e-01,6.12329274e-02,1.02252268e+02,6.56955703e+00,1.13280081e+05,-1.92151735e-01
1.33000000e+00,8.69100000e+03,1.85000000e+00,-1.06354084e-03,3.74963213e-01,6.12329274e-02,1.02252268e+02,6.56955703e+00,1.13280081e+05,-1.92151735e-01
1.34000000e+00,8.69100000e+03,1.85000000e+00,-1.06434124e-03,3.74963213e-01,6.12329274e-02,1.02252268e+02,6.56955703e+00,1.13280081e+05,-1.92151735e-01
1.35000000e+00,8.69100000e+03,1.85000000e+00,-1.06513550e-03,3.74963213e-01,6.12329274e-02,1.02252268e+02,6.56955703e+00,1.13280081e+05,-1.92151735e-01
1.36000000e+00,8.69100000e+03,1.85000000e+00,-1.06592377e-03,3.74963213e-01,6.12329274e-02,1.02252268e+02,6.56955703e+00,1.13280081e+05,-1.92151735e-01
1.37000000e+00,8.69100000e+03,1.85000000e+00,-1.06670618e-03,3.74963213e-01,6.12329274e-02,1.02252268e+02,6.56955703e+00,1.13280081e+05,-1.92151735e-01
1.38000000e+00,8.69100000e+03,1.85000000e+00,-1.06748285e-03,3.74963213e-01,6.12329274e-02,1.02252268e+02,6.56955703e+00,1.13280081e+05,-1.92151735e-01
1.39000000e+00,8.69100000e+03,1.85000000e+00,-1.06825390e-03,3.74963213e-01,6.12329274e-02,1.02252268e+02,6.56955703e+00,1.13280081e+05,-1.92151735e-01
1.40000000e+00,8.69100000e+03,1.85000000e+00,-1.06901946e-03,3.74963213e-01,6.12329274e-02,1.02252268e+02,6.56955703e+00,1.13280081e+05,-1.92151735e-01
1.41000000e+00,8.69100000e+03,1.85000000e+00,-1.06977964e-03,3.74963213e-01,6.12329274e-02,1.02252268e+02,6.56955703e+00,1.13280081e+05,-1.92151735e-01
1.42000000e+00,8.69100000e+03,1.85000000e+00,-1.07053455e-03,3.74963213e-01,6.12329274e-02,1.02252268e+02,6.56955703e+00,1.13280081e+05,-1.92151735e-01
1.43000000e+00,8.69100000e+03,1.85000000e+00,-1.07128431e-03,3.74963213e-01,6.12329274e-02,1.02252268e+02,6.56955703e+00,1.13280081e+05,-1.92151735e-01
1.44000000e+00,8.69100000e+03,1.85000000e+00,-1.07202902e-03,3.74963213e-01,6.12329274e-02,1.02252268e+02,6.56955703e+00,1.13280081e+05,-1.92151735e-01
1.45000000e+00,8.69100000e+03,1.85000000e+00,-1.07276879e-03,3.74963213e-01,6.12329274e-02,1.02252268e+02,6.56955703e+00,1.13280081e+05,-1.92151735e-01
1.46000000e+00,8.69100000e+03,1.85000000e+00,-1.07350372e-03,3.74963213e-01,6.12329274e-02,1.02252268e+02,6.56955703e+00,1.13280081e+05,-1.92151735e-01
1.47000000e+00,8.69100000e+03,1.85000000e+00,-1.07423390e-03,3.74963213e-01,6.12329274e-02,1.02252268e+02,6.56955703e+00,1.13280081e+05,-1.92151735e-01
1.48000000e+00,8.69100000e+03,1.85000000e+00,-1.07495944e-03,3.74963213e-01,6.12329274e-02,1.02252268e+02,6.56955703e+00,1.13280081e+05,-1.92151735e-01
1.49000000e+00,8.69100000e+03,1.85000000e+00,-1.07568043e-03,3.74963213e-01,6.12329274e-02,1.02252268e+02,6.56955703e+00,1.13280081e+05,-1.92151735e-01
1.50000000e+00,8.69100000e+03,1.85000000e+00,-1.07639696e-03,3.74963213e-01,6.12329274e-02,1.02252268e+02,6.56955703e+00,1.13280081e+05,-1.92151735e-01
1.51000000e+00,8.69100000e+03,1.85000000e+00,-1.07710912e-03,3.74963213e-01,6.12329274e-02,1.02252268e+02,6.56955703e+00,1.13280081e+05,-1.92151735e-01
1.52000000e+00,8.69100000e+03,1.85000000e+00,-1.07781700e-03,3.74963213e-01,6.12329274e-02,1.02252268e+02,6.56955703e+00,1.13280081e+05,-1.92151735e-01
1.53000000e+00,8.69100000e+03,1.85000000e+00,-1.07852069e-03,3.74963213e-01,6.12329274e-02,1.02252268e+02,6.56955703e+00,1.13280081e+05,-1.92151735e-01
1.54000000e+00,8.69100000e+03,1.85000000e+00,-1.07922027e-03,3.74963213e-01,6.12329274e-02,1.02252268e+02,6.56955703e+00,1.13280081e+05,-1.92151735e-01
1.55000000e+00,8.69100000e+03,1.85000000e+00,-1.07991583e-03,3.74963213e-01,6.12329274e-02,1.02252268e+02,6.56955703e+00,1.13280081e+05,-1.92151735e-01
1.56000000e+00,8.69100000e+03,1.85000000e+00,-1.08060745e-03,3.74963213e-01,6.12329274e-02,1.02252268e+02,6.56955703e+00,1.13280081e+05,-1.92151735e-01
1.57000000e+00,8.69100000e+03,1.85000000e+00,-1.08129521e-03,3.74963213e-01,6.12329274e-02,1.02252268e+02,6.56955703e+00,1.13280081e+05,-1.92151735e-01
1.58000000e+00,8.69100000e+03,1.85000000e+00,-1.08197920e-03,3.74963213e-01,6.12329274e-02,1.02252268e+02,6.56955703e+00,1.13280081e+05,-1.92151735e-01
1.59000000e+00,8.69100000e+03,1.85000000e+00,-1.08265949e-03,3.74963213e-01,6.12329274e-02,1.02252268e+02,6.56955703e+00,1.13280081e+05,-1.92151735e-01
1.60000000e+00,8.69100000e+03,1.85000000e+00,-1.08333617e-03,3.74963213e-01,6.12329274e-02,1.02252268e+02,6.56955703e+00,1.13280081e+05,-1.92151735e-01
1.61000000e+00,8.69100000e+03,1.85000000e+00,-1.08400931e-03,3.74963213e-01,6.12329274e-02,1.02252268e+02,6.56955703e+00,1.13280081e+05,-1.92151735e-01
1.62000000e+00,8.69100000e+03,1.85000000e+00,-1.08467899e-03,3.74963213e-01,6.12329274e-02,1.02252268e+02,6.56955703e+00,1.13280081e+05,-1.92151735e-01
1.63000000e+00,8.69100000e+03,1.85000000e+00,-1.08534530e-03,3.74963213e-01,6.12329274e-02,1.02252268e+02,6.56955703e+00,1.13280081e+05,-1.92151735e-01
1.64000000e+00,8.69100000e+03,1.85000000e+00,-1.08600831e-03,3.74963213e-01,6.12329274e-02,1.02252268e+02,6.56955703e+00,1.13280081e+05,-1.92151735e-01
1.65000000e+00,8.69100000e+03,1.85000000e+00,-1.08666810e-03,3.74963213e-01,6.12329274e-02,1.02252268e+02,6.56955703e+00,1.13280081e+05,-1.92151735e-01
1.66000000e+00,8.69100000e+03,1.85000000e+00,-1.08732477e-03,3.74963213e-01,6.12329274e-02,1.02252268e+02,6.56955703e+00,1.13280081e+05,-1.92151735e-01
1.67000000e+00,8.69100000e+03,1.85000000e+00,-1.08797838e-03,3.74963213e-01,6.12329274e-02,1.02252268e+02,6.56955703e+00,1.13280081e+05,-1.92151735e-01
1.68000000e+00,8.69100000e+03,1.85000000e+00,-1.08862902e-03,3.74963213e-01,6.12329274e-02,1.02252268e+02,6.56955703e+00,1.13280081e+05,-1.92151735e-01
1.69000000e+00,8.69100000e+03,1.85000000e+00,-1.08927678e-03,3.74963213e-01,6.12329274e-02,1.02252268e+02,6.56955703e+00,1.13280081e+05,-1.92151735e-01
1.70000000e+00,8.69100000e+03,1.85000000e+00,-1.08992175e-03,3.74963213e-01,6.12329274e-02,1.02252268e+02,6.56955703e+00,1.13280081e+05,-1.92151735e-01
1.71000000e+00,8.69100000e+03,1.85000000e+00,-1.09056402e-03,3.74963213e-01,6.12329274e-02,1.02252268e+02,6.56955703e+00,1.13280081e+05,-1.92151735e-01
1.72000000e+00,8.69100000e+03,1.85000000e+00,-1.09120367e-03,3.74963213e-01,6.12329274e-02,1.02252268e+02,6.56955703e+00,1.13280081e+05,-1.92151735e-01
1.73000000e+00,8.69100000e+03,1.85000000e+00,-1.09184081e-03,3.74963213e-01,6.12329274e-02,1.02252268e+02,6.56955703e+00,1.13280081e+05,-1.92151735e-01
1.74000000e+00,8.69100000e+03,1.85000000e+00,-1.09247553e-03,3.74963213e-01,6.12329274e-02,1.02252268e+02,6.56955703e+00,1.13280081e+05,-1.92151735e-01
1.75000000e+00,8.69100000e+03,1.85000000e+00,-1.09310793e-03,3.74963213e-01,6.12329274e-02,1.02252268e+02,6.56955703e+00,1.13280081e+05,-1.92151735e-01
1.76000000e+00,8.69100000e+03,1.85000000e+00,-1.09373813e-03,3.74963213e-01,6.12329274e-02,1.02252268e+02,6.56955703e+00,1.13280081e+05,-1.92151735e-01
1.77000000e+00,8.69100000e+03,1.85000000e+00,-1.09436623e-03,3.74963213e-01,6.12329274e-02,1.02252268e+02,6.56955703e+00,1.13280081e+05,-1.92151735e-01
1.78000000e+00,8.69100000e+03,1.85000000e+00,-1.09499234e-03,3.74963213e-01,6.12329274e-02,1.02252268e+02,6.56955703e+00,1.13280081e+05,-1.92151735e-01
1.79000000e+00,8.69100000e+03,1.85000000e+00,-1.09561660e-03,3.74963213e-01,6.12329274e-02,1.02252268e+02,6.56955703e+00,1.13280081e+05,-1.92151735e-01
1.80000000e+00,8.69100000e+03,1.85000000e+00,-1.09623913e-03,3.74963213e-01,6.12329274e-02,1.02252268e+02,6.56955703e+00,1.13280081e+05,-1.92151735e-01
1.81000000e+00,8.69100000e+03,1.85000000e+00,-1.09686005e-03,3.74963213e-01,6.12329274e-02,1.02252268e+02,6.56955703e+00,1.13280081e+05,-1.92151735e-01
1.82000000e+00,8.69100000e+03,1.85000000e+00,-1.09747952e-03,3.74963213e-01,6.12329274e-02,1.02252268e+02,6.56955703e+00,1.13280081e+05,-1.92151735e-01
1.83000000e+00,8.69100000e+03,1.85000000e+00,-1.09809767e-03,3.74963213e-01,6.12329274e-02,1.02252268e+02,6.56955703e+00,1.13280081e+05,-1.92151735e-01
1.84000000e+00,8.69100000e+03,1.85000000e+00,-1.09871468e-03,3.74963213e-01,6.12329274e-02,1.02252268e+02,6.56955703e+00,1.13280081e+05,-1.92151735e-01
1.85000000e+00,8.69100000e+03,1.85000000e+00,-1.09933069e-03,3.74963213e-01,6.12329274e-02,1.02252268e+02,6.56955703e+00,1.13280081e+05,-1.92151735e-01
