vSweep,run_num,vd,id,vth0,u0,rdsw,nfactor,vsat,eta0
0.00000000e+00,9.14600000e+03,1.85000000e+00,-1.85137520e-12,3.93677487e-01,6.60635376e-02,1.04180865e+02,7.97567552e+00,1.22463235e+05,-1.96482707e-01
1.00000000e-02,9.14600000e+03,1.85000000e+00,-1.85137520e-12,3.93677487e-01,6.60635376e-02,1.04180865e+02,7.97567552e+00,1.22463235e+05,-1.96482707e-01
2.00000000e-02,9.14600000e+03,1.85000000e+00,-1.85137520e-12,3.93677487e-01,6.60635376e-02,1.04180865e+02,7.97567552e+00,1.22463235e+05,-1.96482707e-01
3.00000000e-02,9.14600000e+03,1.85000000e+00,-1.85137520e-12,3.93677487e-01,6.60635376e-02,1.04180865e+02,7.97567552e+00,1.22463235e+05,-1.96482707e-01
4.00000000e-02,9.14600000e+03,1.85000000e+00,-1.85137520e-12,3.93677487e-01,6.60635376e-02,1.04180865e+02,7.97567552e+00,1.22463235e+05,-1.96482707e-01
5.00000000e-02,9.14600000e+03,1.85000000e+00,-1.85137520e-12,3.93677487e-01,6.60635376e-02,1.04180865e+02,7.97567552e+00,1.22463235e+05,-1.96482707e-01
6.00000000e-02,9.14600000e+03,1.85000000e+00,-1.85137521e-12,3.93677487e-01,6.60635376e-02,1.04180865e+02,7.97567552e+00,1.22463235e+05,-1.96482707e-01
7.00000000e-02,9.14600000e+03,1.85000000e+00,-1.85137521e-12,3.93677487e-01,6.60635376e-02,1.04180865e+02,7.97567552e+00,1.22463235e+05,-1.96482707e-01
8.00000000e-02,9.14600000e+03,1.85000000e+00,-1.85137522e-12,3.93677487e-01,6.60635376e-02,1.04180865e+02,7.97567552e+00,1.22463235e+05,-1.96482707e-01
9.00000000e-02,9.14600000e+03,1.85000000e+00,-1.85137524e-12,3.93677487e-01,6.60635376e-02,1.04180865e+02,7.97567552e+00,1.22463235e+05,-1.96482707e-01
1.00000000e-01,9.14600000e+03,1.85000000e+00,-1.85137527e-12,3.93677487e-01,6.60635376e-02,1.04180865e+02,7.97567552e+00,1.22463235e+05,-1.96482707e-01
1.10000000e-01,9.14600000e+03,1.85000000e+00,-1.85137533e-12,3.93677487e-01,6.60635376e-02,1.04180865e+02,7.97567552e+00,1.22463235e+05,-1.96482707e-01
1.20000000e-01,9.14600000e+03,1.85000000e+00,-1.85137542e-12,3.93677487e-01,6.60635376e-02,1.04180865e+02,7.97567552e+00,1.22463235e+05,-1.96482707e-01
1.30000000e-01,9.14600000e+03,1.85000000e+00,-1.85137560e-12,3.93677487e-01,6.60635376e-02,1.04180865e+02,7.97567552e+00,1.22463235e+05,-1.96482707e-01
1.40000000e-01,9.14600000e+03,1.85000000e+00,-1.85137590e-12,3.93677487e-01,6.60635376e-02,1.04180865e+02,7.97567552e+00,1.22463235e+05,-1.96482707e-01
1.50000000e-01,9.14600000e+03,1.85000000e+00,-1.85137645e-12,3.93677487e-01,6.60635376e-02,1.04180865e+02,7.97567552e+00,1.22463235e+05,-1.96482707e-01
1.60000000e-01,9.14600000e+03,1.85000000e+00,-1.85137741e-12,3.93677487e-01,6.60635376e-02,1.04180865e+02,7.97567552e+00,1.22463235e+05,-1.96482707e-01
1.70000000e-01,9.14600000e+03,1.85000000e+00,-1.85137911e-12,3.93677487e-01,6.60635376e-02,1.04180865e+02,7.97567552e+00,1.22463235e+05,-1.96482707e-01
1.80000000e-01,9.14600000e+03,1.85000000e+00,-1.85138213e-12,3.93677487e-01,6.60635376e-02,1.04180865e+02,7.97567552e+00,1.22463235e+05,-1.96482707e-01
1.90000000e-01,9.14600000e+03,1.85000000e+00,-1.85138747e-12,3.93677487e-01,6.60635376e-02,1.04180865e+02,7.97567552e+00,1.22463235e+05,-1.96482707e-01
2.00000000e-01,9.14600000e+03,1.85000000e+00,-1.85139693e-12,3.93677487e-01,6.60635376e-02,1.04180865e+02,7.97567552e+00,1.22463235e+05,-1.96482707e-01
2.10000000e-01,9.14600000e+03,1.85000000e+00,-1.85141369e-12,3.93677487e-01,6.60635376e-02,1.04180865e+02,7.97567552e+00,1.22463235e+05,-1.96482707e-01
2.20000000e-01,9.14600000e+03,1.85000000e+00,-1.85144335e-12,3.93677487e-01,6.60635376e-02,1.04180865e+02,7.97567552e+00,1.22463235e+05,-1.96482707e-01
2.30000000e-01,9.14600000e+03,1.85000000e+00,-1.85149589e-12,3.93677487e-01,6.60635376e-02,1.04180865e+02,7.97567552e+00,1.22463235e+05,-1.96482707e-01
2.40000000e-01,9.14600000e+03,1.85000000e+00,-1.85158892e-12,3.93677487e-01,6.60635376e-02,1.04180865e+02,7.97567552e+00,1.22463235e+05,-1.96482707e-01
2.50000000e-01,9.14600000e+03,1.85000000e+00,-1.85175367e-12,3.93677487e-01,6.60635376e-02,1.04180865e+02,7.97567552e+00,1.22463235e+05,-1.96482707e-01
2.60000000e-01,9.14600000e+03,1.85000000e+00,-1.85204542e-12,3.93677487e-01,6.60635376e-02,1.04180865e+02,7.97567552e+00,1.22463235e+05,-1.96482707e-01
2.70000000e-01,9.14600000e+03,1.85000000e+00,-1.85256206e-12,3.93677487e-01,6.60635376e-02,1.04180865e+02,7.97567552e+00,1.22463235e+05,-1.96482707e-01
2.80000000e-01,9.14600000e+03,1.85000000e+00,-1.85347693e-12,3.93677487e-01,6.60635376e-02,1.04180865e+02,7.97567552e+00,1.22463235e+05,-1.96482707e-01
2.90000000e-01,9.14600000e+03,1.85000000e+00,-1.85509703e-12,3.93677487e-01,6.60635376e-02,1.04180865e+02,7.97567552e+00,1.22463235e+05,-1.96482707e-01
3.00000000e-01,9.14600000e+03,1.85000000e+00,-1.85796592e-12,3.93677487e-01,6.60635376e-02,1.04180865e+02,7.97567552e+00,1.22463235e+05,-1.96482707e-01
3.10000000e-01,9.14600000e+03,1.85000000e+00,-1.86304615e-12,3.93677487e-01,6.60635376e-02,1.04180865e+02,7.97567552e+00,1.22463235e+05,-1.96482707e-01
3.20000000e-01,9.14600000e+03,1.85000000e+00,-1.87204215e-12,3.93677487e-01,6.60635376e-02,1.04180865e+02,7.97567552e+00,1.22463235e+05,-1.96482707e-01
3.30000000e-01,9.14600000e+03,1.85000000e+00,-1.88797188e-12,3.93677487e-01,6.60635376e-02,1.04180865e+02,7.97567552e+00,1.22463235e+05,-1.96482707e-01
3.40000000e-01,9.14600000e+03,1.85000000e+00,-1.91617903e-12,3.93677487e-01,6.60635376e-02,1.04180865e+02,7.97567552e+00,1.22463235e+05,-1.96482707e-01
3.50000000e-01,9.14600000e+03,1.85000000e+00,-1.96612477e-12,3.93677487e-01,6.60635376e-02,1.04180865e+02,7.97567552e+00,1.22463235e+05,-1.96482707e-01
3.60000000e-01,9.14600000e+03,1.85000000e+00,-2.05455953e-12,3.93677487e-01,6.60635376e-02,1.04180865e+02,7.97567552e+00,1.22463235e+05,-1.96482707e-01
3.70000000e-01,9.14600000e+03,1.85000000e+00,-2.21113640e-12,3.93677487e-01,6.60635376e-02,1.04180865e+02,7.97567552e+00,1.22463235e+05,-1.96482707e-01
3.80000000e-01,9.14600000e+03,1.85000000e+00,-2.48834443e-12,3.93677487e-01,6.60635376e-02,1.04180865e+02,7.97567552e+00,1.22463235e+05,-1.96482707e-01
3.90000000e-01,9.14600000e+03,1.85000000e+00,-2.97908147e-12,3.93677487e-01,6.60635376e-02,1.04180865e+02,7.97567552e+00,1.22463235e+05,-1.96482707e-01
4.00000000e-01,9.14600000e+03,1.85000000e+00,-3.84773211e-12,3.93677487e-01,6.60635376e-02,1.04180865e+02,7.97567552e+00,1.22463235e+05,-1.96482707e-01
4.10000000e-01,9.14600000e+03,1.85000000e+00,-5.38510532e-12,3.93677487e-01,6.60635376e-02,1.04180865e+02,7.97567552e+00,1.22463235e+05,-1.96482707e-01
4.20000000e-01,9.14600000e+03,1.85000000e+00,-8.10549355e-12,3.93677487e-01,6.60635376e-02,1.04180865e+02,7.97567552e+00,1.22463235e+05,-1.96482707e-01
4.30000000e-01,9.14600000e+03,1.85000000e+00,-1.29180157e-11,3.93677487e-01,6.60635376e-02,1.04180865e+02,7.97567552e+00,1.22463235e+05,-1.96482707e-01
4.40000000e-01,9.14600000e+03,1.85000000e+00,-2.14287863e-11,3.93677487e-01,6.60635376e-02,1.04180865e+02,7.97567552e+00,1.22463235e+05,-1.96482707e-01
4.50000000e-01,9.14600000e+03,1.85000000e+00,-3.64730755e-11,3.93677487e-01,6.60635376e-02,1.04180865e+02,7.97567552e+00,1.22463235e+05,-1.96482707e-01
4.60000000e-01,9.14600000e+03,1.85000000e+00,-6.30508195e-11,3.93677487e-01,6.60635376e-02,1.04180865e+02,7.97567552e+00,1.22463235e+05,-1.96482707e-01
4.70000000e-01,9.14600000e+03,1.85000000e+00,-1.09967262e-10,3.93677487e-01,6.60635376e-02,1.04180865e+02,7.97567552e+00,1.22463235e+05,-1.96482707e-01
4.80000000e-01,9.14600000e+03,1.85000000e+00,-1.92701105e-10,3.93677487e-01,6.60635376e-02,1.04180865e+02,7.97567552e+00,1.22463235e+05,-1.96482707e-01
4.90000000e-01,9.14600000e+03,1.85000000e+00,-3.38397603e-10,3.93677487e-01,6.60635376e-02,1.04180865e+02,7.97567552e+00,1.22463235e+05,-1.96482707e-01
5.00000000e-01,9.14600000e+03,1.85000000e+00,-5.94513073e-10,3.93677487e-01,6.60635376e-02,1.04180865e+02,7.97567552e+00,1.22463235e+05,-1.96482707e-01
5.10000000e-01,9.14600000e+03,1.85000000e+00,-1.04367297e-09,3.93677487e-01,6.60635376e-02,1.04180865e+02,7.97567552e+00,1.22463235e+05,-1.96482707e-01
5.20000000e-01,9.14600000e+03,1.85000000e+00,-1.82896888e-09,3.93677487e-01,6.60635376e-02,1.04180865e+02,7.97567552e+00,1.22463235e+05,-1.96482707e-01
5.30000000e-01,9.14600000e+03,1.85000000e+00,-3.19650181e-09,3.93677487e-01,6.60635376e-02,1.04180865e+02,7.97567552e+00,1.22463235e+05,-1.96482707e-01
5.40000000e-01,9.14600000e+03,1.85000000e+00,-5.56580493e-09,3.93677487e-01,6.60635376e-02,1.04180865e+02,7.97567552e+00,1.22463235e+05,-1.96482707e-01
5.50000000e-01,9.14600000e+03,1.85000000e+00,-9.64409320e-09,3.93677487e-01,6.60635376e-02,1.04180865e+02,7.97567552e+00,1.22463235e+05,-1.96482707e-01
5.60000000e-01,9.14600000e+03,1.85000000e+00,-1.66070200e-08,3.93677487e-01,6.60635376e-02,1.04180865e+02,7.97567552e+00,1.22463235e+05,-1.96482707e-01
5.70000000e-01,9.14600000e+03,1.85000000e+00,-2.83760807e-08,3.93677487e-01,6.60635376e-02,1.04180865e+02,7.97567552e+00,1.22463235e+05,-1.96482707e-01
5.80000000e-01,9.14600000e+03,1.85000000e+00,-4.80295396e-08,3.93677487e-01,6.60635376e-02,1.04180865e+02,7.97567552e+00,1.22463235e+05,-1.96482707e-01
5.90000000e-01,9.14600000e+03,1.85000000e+00,-8.03881817e-08,3.93677487e-01,6.60635376e-02,1.04180865e+02,7.97567552e+00,1.22463235e+05,-1.96482707e-01
6.00000000e-01,9.14600000e+03,1.85000000e+00,-1.32819430e-07,3.93677487e-01,6.60635376e-02,1.04180865e+02,7.97567552e+00,1.22463235e+05,-1.96482707e-01
6.10000000e-01,9.14600000e+03,1.85000000e+00,-2.16306855e-07,3.93677487e-01,6.60635376e-02,1.04180865e+02,7.97567552e+00,1.22463235e+05,-1.96482707e-01
6.20000000e-01,9.14600000e+03,1.85000000e+00,-3.46839177e-07,3.93677487e-01,6.60635376e-02,1.04180865e+02,7.97567552e+00,1.22463235e+05,-1.96482707e-01
6.30000000e-01,9.14600000e+03,1.85000000e+00,-5.47166598e-07,3.93677487e-01,6.60635376e-02,1.04180865e+02,7.97567552e+00,1.22463235e+05,-1.96482707e-01
6.40000000e-01,9.14600000e+03,1.85000000e+00,-8.48892390e-07,3.93677487e-01,6.60635376e-02,1.04180865e+02,7.97567552e+00,1.22463235e+05,-1.96482707e-01
6.50000000e-01,9.14600000e+03,1.85000000e+00,-1.29462278e-06,3.93677487e-01,6.60635376e-02,1.04180865e+02,7.97567552e+00,1.22463235e+05,-1.96482707e-01
6.60000000e-01,9.14600000e+03,1.85000000e+00,-1.93946688e-06,3.93677487e-01,6.60635376e-02,1.04180865e+02,7.97567552e+00,1.22463235e+05,-1.96482707e-01
6.70000000e-01,9.14600000e+03,1.85000000e+00,-2.85075456e-06,3.93677487e-01,6.60635376e-02,1.04180865e+02,7.97567552e+00,1.22463235e+05,-1.96482707e-01
6.80000000e-01,9.14600000e+03,1.85000000e+00,-4.10483717e-06,3.93677487e-01,6.60635376e-02,1.04180865e+02,7.97567552e+00,1.22463235e+05,-1.96482707e-01
6.90000000e-01,9.14600000e+03,1.85000000e+00,-5.78059487e-06,3.93677487e-01,6.60635376e-02,1.04180865e+02,7.97567552e+00,1.22463235e+05,-1.96482707e-01
7.00000000e-01,9.14600000e+03,1.85000000e+00,-7.95064662e-06,3.93677487e-01,6.60635376e-02,1.04180865e+02,7.97567552e+00,1.22463235e+05,-1.96482707e-01
7.10000000e-01,9.14600000e+03,1.85000000e+00,-1.06725043e-05,3.93677487e-01,6.60635376e-02,1.04180865e+02,7.97567552e+00,1.22463235e+05,-1.96482707e-01
7.20000000e-01,9.14600000e+03,1.85000000e+00,-1.39821898e-05,3.93677487e-01,6.60635376e-02,1.04180865e+02,7.97567552e+00,1.22463235e+05,-1.96482707e-01
7.30000000e-01,9.14600000e+03,1.85000000e+00,-1.78919085e-05,3.93677487e-01,6.60635376e-02,1.04180865e+02,7.97567552e+00,1.22463235e+05,-1.96482707e-01
7.40000000e-01,9.14600000e+03,1.85000000e+00,-2.23918228e-05,3.93677487e-01,6.60635376e-02,1.04180865e+02,7.97567552e+00,1.22463235e+05,-1.96482707e-01
7.50000000e-01,9.14600000e+03,1.85000000e+00,-2.74546996e-05,3.93677487e-01,6.60635376e-02,1.04180865e+02,7.97567552e+00,1.22463235e+05,-1.96482707e-01
7.60000000e-01,9.14600000e+03,1.85000000e+00,-3.30417258e-05,3.93677487e-01,6.60635376e-02,1.04180865e+02,7.97567552e+00,1.22463235e+05,-1.96482707e-01
7.70000000e-01,9.14600000e+03,1.85000000e+00,-3.91080519e-05,3.93677487e-01,6.60635376e-02,1.04180865e+02,7.97567552e+00,1.22463235e+05,-1.96482707e-01
7.80000000e-01,9.14600000e+03,1.85000000e+00,-4.56072211e-05,3.93677487e-01,6.60635376e-02,1.04180865e+02,7.97567552e+00,1.22463235e+05,-1.96482707e-01
7.90000000e-01,9.14600000e+03,1.85000000e+00,-5.24942290e-05,3.93677487e-01,6.60635376e-02,1.04180865e+02,7.97567552e+00,1.22463235e+05,-1.96482707e-01
8.00000000e-01,9.14600000e+03,1.85000000e+00,-5.97273328e-05,3.93677487e-01,6.60635376e-02,1.04180865e+02,7.97567552e+00,1.22463235e+05,-1.96482707e-01
8.10000000e-01,9.14600000e+03,1.85000000e+00,-6.72688996e-05,3.93677487e-01,6.60635376e-02,1.04180865e+02,7.97567552e+00,1.22463235e+05,-1.96482707e-01
8.20000000e-01,9.14600000e+03,1.85000000e+00,-7.50856072e-05,3.93677487e-01,6.60635376e-02,1.04180865e+02,7.97567552e+00,1.22463235e+05,-1.96482707e-01
8.30000000e-01,9.14600000e+03,1.85000000e+00,-8.31482577e-05,3.93677487e-01,6.60635376e-02,1.04180865e+02,7.97567552e+00,1.22463235e+05,-1.96482707e-01
8.40000000e-01,9.14600000e+03,1.85000000e+00,-9.14313931e-05,3.93677487e-01,6.60635376e-02,1.04180865e+02,7.97567552e+00,1.22463235e+05,-1.96482707e-01
8.50000000e-01,9.14600000e+03,1.85000000e+00,-9.99128394e-05,3.93677487e-01,6.60635376e-02,1.04180865e+02,7.97567552e+00,1.22463235e+05,-1.96482707e-01
8.60000000e-01,9.14600000e+03,1.85000000e+00,-1.08573248e-04,3.93677487e-01,6.60635376e-02,1.04180865e+02,7.97567552e+00,1.22463235e+05,-1.96482707e-01
8.70000000e-01,9.14600000e+03,1.85000000e+00,-1.17395674e-04,3.93677487e-01,6.60635376e-02,1.04180865e+02,7.97567552e+00,1.22463235e+05,-1.96482707e-01
8.80000000e-01,9.14600000e+03,1.85000000e+00,-1.26365209e-04,3.93677487e-01,6.60635376e-02,1.04180865e+02,7.97567552e+00,1.22463235e+05,-1.96482707e-01
8.90000000e-01,9.14600000e+03,1.85000000e+00,-1.35468669e-04,3.93677487e-01,6.60635376e-02,1.04180865e+02,7.97567552e+00,1.22463235e+05,-1.96482707e-01
9.00000000e-01,9.14600000e+03,1.85000000e+00,-1.44694331e-04,3.93677487e-01,6.60635376e-02,1.04180865e+02,7.97567552e+00,1.22463235e+05,-1.96482707e-01
9.10000000e-01,9.14600000e+03,1.85000000e+00,-1.54031717e-04,3.93677487e-01,6.60635376e-02,1.04180865e+02,7.97567552e+00,1.22463235e+05,-1.96482707e-01
9.20000000e-01,9.14600000e+03,1.85000000e+00,-1.63471420e-04,3.93677487e-01,6.60635376e-02,1.04180865e+02,7.97567552e+00,1.22463235e+05,-1.96482707e-01
9.30000000e-01,9.14600000e+03,1.85000000e+00,-1.73004958e-04,3.93677487e-01,6.60635376e-02,1.04180865e+02,7.97567552e+00,1.22463235e+05,-1.96482707e-01
9.40000000e-01,9.14600000e+03,1.85000000e+00,-1.82624651e-04,3.93677487e-01,6.60635376e-02,1.04180865e+02,7.97567552e+00,1.22463235e+05,-1.96482707e-01
9.50000000e-01,9.14600000e+03,1.85000000e+00,-1.92323522e-04,3.93677487e-01,6.60635376e-02,1.04180865e+02,7.97567552e+00,1.22463235e+05,-1.96482707e-01
9.60000000e-01,9.14600000e+03,1.85000000e+00,-2.02095218e-04,3.93677487e-01,6.60635376e-02,1.04180865e+02,7.97567552e+00,1.22463235e+05,-1.96482707e-01
9.70000000e-01,9.14600000e+03,1.85000000e+00,-2.11933932e-04,3.93677487e-01,6.60635376e-02,1.04180865e+02,7.97567552e+00,1.22463235e+05,-1.96482707e-01
9.80000000e-01,9.14600000e+03,1.85000000e+00,-2.21834349e-04,3.93677487e-01,6.60635376e-02,1.04180865e+02,7.97567552e+00,1.22463235e+05,-1.96482707e-01
9.90000000e-01,9.14600000e+03,1.85000000e+00,-2.31791596e-04,3.93677487e-01,6.60635376e-02,1.04180865e+02,7.97567552e+00,1.22463235e+05,-1.96482707e-01
1.00000000e+00,9.14600000e+03,1.85000000e+00,-2.41801197e-04,3.93677487e-01,6.60635376e-02,1.04180865e+02,7.97567552e+00,1.22463235e+05,-1.96482707e-01
1.01000000e+00,9.14600000e+03,1.85000000e+00,-2.51859030e-04,3.93677487e-01,6.60635376e-02,1.04180865e+02,7.97567552e+00,1.22463235e+05,-1.96482707e-01
1.02000000e+00,9.14600000e+03,1.85000000e+00,-2.61961299e-04,3.93677487e-01,6.60635376e-02,1.04180865e+02,7.97567552e+00,1.22463235e+05,-1.96482707e-01
1.03000000e+00,9.14600000e+03,1.85000000e+00,-2.72104499e-04,3.93677487e-01,6.60635376e-02,1.04180865e+02,7.97567552e+00,1.22463235e+05,-1.96482707e-01
1.04000000e+00,9.14600000e+03,1.85000000e+00,-2.82285394e-04,3.93677487e-01,6.60635376e-02,1.04180865e+02,7.97567552e+00,1.22463235e+05,-1.96482707e-01
1.05000000e+00,9.14600000e+03,1.85000000e+00,-2.92500988e-04,3.93677487e-01,6.60635376e-02,1.04180865e+02,7.97567552e+00,1.22463235e+05,-1.96482707e-01
1.06000000e+00,9.14600000e+03,1.85000000e+00,-3.02748510e-04,3.93677487e-01,6.60635376e-02,1.04180865e+02,7.97567552e+00,1.22463235e+05,-1.96482707e-01
1.07000000e+00,9.14600000e+03,1.85000000e+00,-3.13025389e-04,3.93677487e-01,6.60635376e-02,1.04180865e+02,7.97567552e+00,1.22463235e+05,-1.96482707e-01
1.08000000e+00,9.14600000e+03,1.85000000e+00,-3.23329242e-04,3.93677487e-01,6.60635376e-02,1.04180865e+02,7.97567552e+00,1.22463235e+05,-1.96482707e-01
1.09000000e+00,9.14600000e+03,1.85000000e+00,-3.33657855e-04,3.93677487e-01,6.60635376e-02,1.04180865e+02,7.97567552e+00,1.22463235e+05,-1.96482707e-01
1.10000000e+00,9.14600000e+03,1.85000000e+00,-3.44009170e-04,3.93677487e-01,6.60635376e-02,1.04180865e+02,7.97567552e+00,1.22463235e+05,-1.96482707e-01
1.11000000e+00,9.14600000e+03,1.85000000e+00,-3.54381272e-04,3.93677487e-01,6.60635376e-02,1.04180865e+02,7.97567552e+00,1.22463235e+05,-1.96482707e-01
1.12000000e+00,9.14600000e+03,1.85000000e+00,-3.64772379e-04,3.93677487e-01,6.60635376e-02,1.04180865e+02,7.97567552e+00,1.22463235e+05,-1.96482707e-01
1.13000000e+00,9.14600000e+03,1.85000000e+00,-3.75180831e-04,3.93677487e-01,6.60635376e-02,1.04180865e+02,7.97567552e+00,1.22463235e+05,-1.96482707e-01
1.14000000e+00,9.14600000e+03,1.85000000e+00,-3.85605077e-04,3.93677487e-01,6.60635376e-02,1.04180865e+02,7.97567552e+00,1.22463235e+05,-1.96482707e-01
1.15000000e+00,9.14600000e+03,1.85000000e+00,-3.96043673e-04,3.93677487e-01,6.60635376e-02,1.04180865e+02,7.97567552e+00,1.22463235e+05,-1.96482707e-01
1.16000000e+00,9.14600000e+03,1.85000000e+00,-4.06495268e-04,3.93677487e-01,6.60635376e-02,1.04180865e+02,7.97567552e+00,1.22463235e+05,-1.96482707e-01
1.17000000e+00,9.14600000e+03,1.85000000e+00,-4.16958600e-04,3.93677487e-01,6.60635376e-02,1.04180865e+02,7.97567552e+00,1.22463235e+05,-1.96482707e-01
1.18000000e+00,9.14600000e+03,1.85000000e+00,-4.27432488e-04,3.93677487e-01,6.60635376e-02,1.04180865e+02,7.97567552e+00,1.22463235e+05,-1.96482707e-01
1.19000000e+00,9.14600000e+03,1.85000000e+00,-4.37915829e-04,3.93677487e-01,6.60635376e-02,1.04180865e+02,7.97567552e+00,1.22463235e+05,-1.96482707e-01
1.20000000e+00,9.14600000e+03,1.85000000e+00,-4.48407586e-04,3.93677487e-01,6.60635376e-02,1.04180865e+02,7.97567552e+00,1.22463235e+05,-1.96482707e-01
1.21000000e+00,9.14600000e+03,1.85000000e+00,-4.58906791e-04,3.93677487e-01,6.60635376e-02,1.04180865e+02,7.97567552e+00,1.22463235e+05,-1.96482707e-01
1.22000000e+00,9.14600000e+03,1.85000000e+00,-4.69412534e-04,3.93677487e-01,6.60635376e-02,1.04180865e+02,7.97567552e+00,1.22463235e+05,-1.96482707e-01
1.23000000e+00,9.14600000e+03,1.85000000e+00,-4.79923962e-04,3.93677487e-01,6.60635376e-02,1.04180865e+02,7.97567552e+00,1.22463235e+05,-1.96482707e-01
1.24000000e+00,9.14600000e+03,1.85000000e+00,-4.90440274e-04,3.93677487e-01,6.60635376e-02,1.04180865e+02,7.97567552e+00,1.22463235e+05,-1.96482707e-01
1.25000000e+00,9.14600000e+03,1.85000000e+00,-5.00960719e-04,3.93677487e-01,6.60635376e-02,1.04180865e+02,7.97567552e+00,1.22463235e+05,-1.96482707e-01
1.26000000e+00,9.14600000e+03,1.85000000e+00,-5.11484589e-04,3.93677487e-01,6.60635376e-02,1.04180865e+02,7.97567552e+00,1.22463235e+05,-1.96482707e-01
1.27000000e+00,9.14600000e+03,1.85000000e+00,-5.22011221e-04,3.93677487e-01,6.60635376e-02,1.04180865e+02,7.97567552e+00,1.22463235e+05,-1.96482707e-01
1.28000000e+00,9.14600000e+03,1.85000000e+00,-5.32539989e-04,3.93677487e-01,6.60635376e-02,1.04180865e+02,7.97567552e+00,1.22463235e+05,-1.96482707e-01
1.29000000e+00,9.14600000e+03,1.85000000e+00,-5.43070305e-04,3.93677487e-01,6.60635376e-02,1.04180865e+02,7.97567552e+00,1.22463235e+05,-1.96482707e-01
1.30000000e+00,9.14600000e+03,1.85000000e+00,-5.53601617e-04,3.93677487e-01,6.60635376e-02,1.04180865e+02,7.97567552e+00,1.22463235e+05,-1.96482707e-01
1.31000000e+00,9.14600000e+03,1.85000000e+00,-5.64133403e-04,3.93677487e-01,6.60635376e-02,1.04180865e+02,7.97567552e+00,1.22463235e+05,-1.96482707e-01
1.32000000e+00,9.14600000e+03,1.85000000e+00,-5.74665171e-04,3.93677487e-01,6.60635376e-02,1.04180865e+02,7.97567552e+00,1.22463235e+05,-1.96482707e-01
1.33000000e+00,9.14600000e+03,1.85000000e+00,-5.85196461e-04,3.93677487e-01,6.60635376e-02,1.04180865e+02,7.97567552e+00,1.22463235e+05,-1.96482707e-01
1.34000000e+00,9.14600000e+03,1.85000000e+00,-5.95726836e-04,3.93677487e-01,6.60635376e-02,1.04180865e+02,7.97567552e+00,1.22463235e+05,-1.96482707e-01
1.35000000e+00,9.14600000e+03,1.85000000e+00,-6.06255884e-04,3.93677487e-01,6.60635376e-02,1.04180865e+02,7.97567552e+00,1.22463235e+05,-1.96482707e-01
1.36000000e+00,9.14600000e+03,1.85000000e+00,-6.16783219e-04,3.93677487e-01,6.60635376e-02,1.04180865e+02,7.97567552e+00,1.22463235e+05,-1.96482707e-01
1.37000000e+00,9.14600000e+03,1.85000000e+00,-6.27308474e-04,3.93677487e-01,6.60635376e-02,1.04180865e+02,7.97567552e+00,1.22463235e+05,-1.96482707e-01
1.38000000e+00,9.14600000e+03,1.85000000e+00,-6.37831306e-04,3.93677487e-01,6.60635376e-02,1.04180865e+02,7.97567552e+00,1.22463235e+05,-1.96482707e-01
1.39000000e+00,9.14600000e+03,1.85000000e+00,-6.48351388e-04,3.93677487e-01,6.60635376e-02,1.04180865e+02,7.97567552e+00,1.22463235e+05,-1.96482707e-01
1.40000000e+00,9.14600000e+03,1.85000000e+00,-6.58868414e-04,3.93677487e-01,6.60635376e-02,1.04180865e+02,7.97567552e+00,1.22463235e+05,-1.96482707e-01
1.41000000e+00,9.14600000e+03,1.85000000e+00,-6.69382093e-04,3.93677487e-01,6.60635376e-02,1.04180865e+02,7.97567552e+00,1.22463235e+05,-1.96482707e-01
1.42000000e+00,9.14600000e+03,1.85000000e+00,-6.79892151e-04,3.93677487e-01,6.60635376e-02,1.04180865e+02,7.97567552e+00,1.22463235e+05,-1.96482707e-01
1.43000000e+00,9.14600000e+03,1.85000000e+00,-6.90398331e-04,3.93677487e-01,6.60635376e-02,1.04180865e+02,7.97567552e+00,1.22463235e+05,-1.96482707e-01
1.44000000e+00,9.14600000e+03,1.85000000e+00,-7.00900387e-04,3.93677487e-01,6.60635376e-02,1.04180865e+02,7.97567552e+00,1.22463235e+05,-1.96482707e-01
1.45000000e+00,9.14600000e+03,1.85000000e+00,-7.11398090e-04,3.93677487e-01,6.60635376e-02,1.04180865e+02,7.97567552e+00,1.22463235e+05,-1.96482707e-01
1.46000000e+00,9.14600000e+03,1.85000000e+00,-7.21891222e-04,3.93677487e-01,6.60635376e-02,1.04180865e+02,7.97567552e+00,1.22463235e+05,-1.96482707e-01
1.47000000e+00,9.14600000e+03,1.85000000e+00,-7.32379577e-04,3.93677487e-01,6.60635376e-02,1.04180865e+02,7.97567552e+00,1.22463235e+05,-1.96482707e-01
1.48000000e+00,9.14600000e+03,1.85000000e+00,-7.42862961e-04,3.93677487e-01,6.60635376e-02,1.04180865e+02,7.97567552e+00,1.22463235e+05,-1.96482707e-01
1.49000000e+00,9.14600000e+03,1.85000000e+00,-7.53341190e-04,3.93677487e-01,6.60635376e-02,1.04180865e+02,7.97567552e+00,1.22463235e+05,-1.96482707e-01
1.50000000e+00,9.14600000e+03,1.85000000e+00,-7.63814091e-04,3.93677487e-01,6.60635376e-02,1.04180865e+02,7.97567552e+00,1.22463235e+05,-1.96482707e-01
1.51000000e+00,9.14600000e+03,1.85000000e+00,-7.74281501e-04,3.93677487e-01,6.60635376e-02,1.04180865e+02,7.97567552e+00,1.22463235e+05,-1.96482707e-01
1.52000000e+00,9.14600000e+03,1.85000000e+00,-7.84743263e-04,3.93677487e-01,6.60635376e-02,1.04180865e+02,7.97567552e+00,1.22463235e+05,-1.96482707e-01
1.53000000e+00,9.14600000e+03,1.85000000e+00,-7.95199233e-04,3.93677487e-01,6.60635376e-02,1.04180865e+02,7.97567552e+00,1.22463235e+05,-1.96482707e-01
1.54000000e+00,9.14600000e+03,1.85000000e+00,-8.05649273e-04,3.93677487e-01,6.60635376e-02,1.04180865e+02,7.97567552e+00,1.22463235e+05,-1.96482707e-01
1.55000000e+00,9.14600000e+03,1.85000000e+00,-8.16093251e-04,3.93677487e-01,6.60635376e-02,1.04180865e+02,7.97567552e+00,1.22463235e+05,-1.96482707e-01
1.56000000e+00,9.14600000e+03,1.85000000e+00,-8.26531045e-04,3.93677487e-01,6.60635376e-02,1.04180865e+02,7.97567552e+00,1.22463235e+05,-1.96482707e-01
1.57000000e+00,9.14600000e+03,1.85000000e+00,-8.36962538e-04,3.93677487e-01,6.60635376e-02,1.04180865e+02,7.97567552e+00,1.22463235e+05,-1.96482707e-01
1.58000000e+00,9.14600000e+03,1.85000000e+00,-8.47387621e-04,3.93677487e-01,6.60635376e-02,1.04180865e+02,7.97567552e+00,1.22463235e+05,-1.96482707e-01
1.59000000e+00,9.14600000e+03,1.85000000e+00,-8.57806189e-04,3.93677487e-01,6.60635376e-02,1.04180865e+02,7.97567552e+00,1.22463235e+05,-1.96482707e-01
1.60000000e+00,9.14600000e+03,1.85000000e+00,-8.68218145e-04,3.93677487e-01,6.60635376e-02,1.04180865e+02,7.97567552e+00,1.22463235e+05,-1.96482707e-01
1.61000000e+00,9.14600000e+03,1.85000000e+00,-8.78623396e-04,3.93677487e-01,6.60635376e-02,1.04180865e+02,7.97567552e+00,1.22463235e+05,-1.96482707e-01
1.62000000e+00,9.14600000e+03,1.85000000e+00,-8.89021855e-04,3.93677487e-01,6.60635376e-02,1.04180865e+02,7.97567552e+00,1.22463235e+05,-1.96482707e-01
1.63000000e+00,9.14600000e+03,1.85000000e+00,-8.99413439e-04,3.93677487e-01,6.60635376e-02,1.04180865e+02,7.97567552e+00,1.22463235e+05,-1.96482707e-01
1.64000000e+00,9.14600000e+03,1.85000000e+00,-9.09798070e-04,3.93677487e-01,6.60635376e-02,1.04180865e+02,7.97567552e+00,1.22463235e+05,-1.96482707e-01
1.65000000e+00,9.14600000e+03,1.85000000e+00,-9.20175675e-04,3.93677487e-01,6.60635376e-02,1.04180865e+02,7.97567552e+00,1.22463235e+05,-1.96482707e-01
1.66000000e+00,9.14600000e+03,1.85000000e+00,-9.30546185e-04,3.93677487e-01,6.60635376e-02,1.04180865e+02,7.97567552e+00,1.22463235e+05,-1.96482707e-01
1.67000000e+00,9.14600000e+03,1.85000000e+00,-9.40909533e-04,3.93677487e-01,6.60635376e-02,1.04180865e+02,7.97567552e+00,1.22463235e+05,-1.96482707e-01
1.68000000e+00,9.14600000e+03,1.85000000e+00,-9.51265658e-04,3.93677487e-01,6.60635376e-02,1.04180865e+02,7.97567552e+00,1.22463235e+05,-1.96482707e-01
1.69000000e+00,9.14600000e+03,1.85000000e+00,-9.61614501e-04,3.93677487e-01,6.60635376e-02,1.04180865e+02,7.97567552e+00,1.22463235e+05,-1.96482707e-01
1.70000000e+00,9.14600000e+03,1.85000000e+00,-9.71956008e-04,3.93677487e-01,6.60635376e-02,1.04180865e+02,7.97567552e+00,1.22463235e+05,-1.96482707e-01
1.71000000e+00,9.14600000e+03,1.85000000e+00,-9.82290126e-04,3.93677487e-01,6.60635376e-02,1.04180865e+02,7.97567552e+00,1.22463235e+05,-1.96482707e-01
1.72000000e+00,9.14600000e+03,1.85000000e+00,-9.92616806e-04,3.93677487e-01,6.60635376e-02,1.04180865e+02,7.97567552e+00,1.22463235e+05,-1.96482707e-01
1.73000000e+00,9.14600000e+03,1.85000000e+00,-1.00293600e-03,3.93677487e-01,6.60635376e-02,1.04180865e+02,7.97567552e+00,1.22463235e+05,-1.96482707e-01
1.74000000e+00,9.14600000e+03,1.85000000e+00,-1.01324767e-03,3.93677487e-01,6.60635376e-02,1.04180865e+02,7.97567552e+00,1.22463235e+05,-1.96482707e-01
1.75000000e+00,9.14600000e+03,1.85000000e+00,-1.02355177e-03,3.93677487e-01,6.60635376e-02,1.04180865e+02,7.97567552e+00,1.22463235e+05,-1.96482707e-01
1.76000000e+00,9.14600000e+03,1.85000000e+00,-1.03384826e-03,3.93677487e-01,6.60635376e-02,1.04180865e+02,7.97567552e+00,1.22463235e+05,-1.96482707e-01
1.77000000e+00,9.14600000e+03,1.85000000e+00,-1.04413710e-03,3.93677487e-01,6.60635376e-02,1.04180865e+02,7.97567552e+00,1.22463235e+05,-1.96482707e-01
1.78000000e+00,9.14600000e+03,1.85000000e+00,-1.05441827e-03,3.93677487e-01,6.60635376e-02,1.04180865e+02,7.97567552e+00,1.22463235e+05,-1.96482707e-01
1.79000000e+00,9.14600000e+03,1.85000000e+00,-1.06469172e-03,3.93677487e-01,6.60635376e-02,1.04180865e+02,7.97567552e+00,1.22463235e+05,-1.96482707e-01
1.80000000e+00,9.14600000e+03,1.85000000e+00,-1.07495743e-03,3.93677487e-01,6.60635376e-02,1.04180865e+02,7.97567552e+00,1.22463235e+05,-1.96482707e-01
1.81000000e+00,9.14600000e+03,1.85000000e+00,-1.08521537e-03,3.93677487e-01,6.60635376e-02,1.04180865e+02,7.97567552e+00,1.22463235e+05,-1.96482707e-01
1.82000000e+00,9.14600000e+03,1.85000000e+00,-1.09546550e-03,3.93677487e-01,6.60635376e-02,1.04180865e+02,7.97567552e+00,1.22463235e+05,-1.96482707e-01
1.83000000e+00,9.14600000e+03,1.85000000e+00,-1.10570780e-03,3.93677487e-01,6.60635376e-02,1.04180865e+02,7.97567552e+00,1.22463235e+05,-1.96482707e-01
1.84000000e+00,9.14600000e+03,1.85000000e+00,-1.11594226e-03,3.93677487e-01,6.60635376e-02,1.04180865e+02,7.97567552e+00,1.22463235e+05,-1.96482707e-01
1.85000000e+00,9.14600000e+03,1.85000000e+00,-1.12616884e-03,3.93677487e-01,6.60635376e-02,1.04180865e+02,7.97567552e+00,1.22463235e+05,-1.96482707e-01
